1,1517,5260
2,2956,3580
2,4052,6863
2,9310,7776
3,206,9771
3,7984,781
3,9406,1086
3,9901,4977
4,1047,2743
4,4005,1168
5,2230,9911
7,1501,8347
8,3868,6975
8,4437,838
8,7075,8898
8,7260,262
10,4685,5770
10,4957,6258
11,3823,1524
13,2347,5827
14,3636,7646
14,8771,5892
21,515,4836
21,2378,8692
21,5792,7906
21,8634,4898
22,8720,8053
23,14,5885
23,4552,7165
27,6633,659
29,7893,5463
30,180,2104
31,5075,385
31,5471,950
33,2583,9598
34,9804,5955
35,953,7756
36,7984,2602
36,8379,4819
38,4259,6221
38,9712,9406
42,942,2839
42,6643,6481
44,286,2093
44,5843,6832
46,3140,5595
46,4649,9324
46,6557,1427
47,1110,3417
47,4820,7993
47,8461,1818
49,184,6374
49,6552,448
52,3213,2082
53,3450,4338
55,1515,4053
55,5513,7765
56,3822,368
56,6932,1290
56,7049,1713
57,4744,2351
58,1059,5393
58,6379,8231
58,7825,5111
58,8482,7971
59,1513,1910
59,4559,7012
60,3855,6938
61,7014,8858
62,5266,4643
63,192,6726
63,6425,3535
64,4665,1213
64,9346,9508
65,8980,9525
65,9163,4945
67,753,7245
67,6379,9220
68,876,6248
68,7386,2309
72,6976,5254
72,9862,513
77,4483,9343
77,5140,7869
82,8926,2017
83,902,374
84,3008,1997
84,3810,5588
88,518,8473
88,8809,523
89,6460,6455
90,1047,64
93,5441,8926
93,6939,6285
96,5257,2766
100,1102,3872
100,7427,8882
101,224,3062
102,1917,838
102,2243,2574
103,1165,4229
103,1642,8464
104,3867,445
108,5547,5725
108,9795,6659
109,488,848
112,2225,3961
113,115,3467
113,9103,1931
114,9071,9161
116,3659,1221
116,6600,5865
118,1321,9390
118,1875,8495
118,6553,5453
121,2710,9888
121,3828,5189
122,1335,7092
123,770,7797
123,5538,6732
124,2706,9702
125,1076,9458
125,5119,5570
125,6325,238
126,9658,6462
129,8153,9392
131,1559,9285
132,8845,8260
132,9656,7225
133,8859,3633
134,2496,8484
135,9318,9434
136,2138,8278
136,2716,1506
136,4426,7365
136,5465,979
137,5942,5807
138,4966,1721
140,9061,8176
141,2147,508
144,9777,4740
145,770,7537
146,3906,4946
146,4587,4159
147,439,662
147,8105,5355
148,9089,5872
149,8289,1435
150,5971,4662
154,4717,1125
154,7666,5942
154,9598,3286
157,2503,8070
157,3328,7999
159,18,5418
159,5489,2739
160,3491,9373
161,7973,4251
162,446,209
162,1885,1629
163,7545,1856
163,9023,4714
164,2478,3722
166,6738,3442
167,814,8850
167,4964,9812
167,7677,7249
169,1889,4931
171,361,8258
173,1090,1928
173,9037,4442
175,5789,6646
176,5521,2534
177,8260,7599
178,6521,7422
179,7556,97
181,2466,5006
185,1997,221
185,9722,466
188,6006,2860
188,8955,2929
189,1721,4904
189,3293,8285
190,8533,3195
191,3803,4064
191,4064,3086
191,8091,63
192,2346,6234
192,8502,611
194,4959,1238
196,1564,6929
196,9142,2444
197,2451,6700
197,9433,542
197,9991,3899
198,8007,5366
200,4434,3423
201,4958,959
201,9924,1729
202,8091,1786
203,3223,1155
203,5841,1422
204,4476,8753
204,8512,2145
205,37,3174
205,3575,7636
206,5844,4959
206,6578,5046
206,7186,1627
208,3975,9434
208,4504,3294
212,2570,858
213,1061,7590
214,3435,8038
215,1113,8359
215,2077,8886
215,7353,9985
215,8063,5411
219,1150,835
219,4710,1754
220,8584,2397
222,5414,6640
222,8763,6429
223,4521,6121
225,3054,3431
227,4655,9707
228,7280,2631
229,1675,3498
229,4233,131
230,596,3676
230,9659,3745
231,7385,5719
232,218,8977
232,9744,4651
237,411,2656
237,1404,189
237,2878,494
237,4244,8951
237,8711,2197
239,4052,1071
240,7738,1533
240,7917,4678
241,3761,9749
241,4208,2286
242,5673,8803
243,9501,9114
245,2623,6852
245,5866,6196
247,4516,8220
248,8550,9948
248,9589,2800
249,7896,8351
250,1760,317
250,8186,4994
251,9938,534
252,1916,5717
252,2017,1428
252,8676,7343
253,6835,9124
253,7012,4631
254,2694,1127
254,7999,9967
255,61,7706
257,5971,6815
259,6077,9011
260,6997,1108
260,8799,4240
261,168,7504
261,9431,3744
263,6879,7418
264,3348,9913
265,687,7112
266,4166,2549
266,5496,8553
267,5849,4561
269,48,6647
269,4389,9864
270,6043,3483
272,5526,283
272,6293,1975
274,605,9532
275,7162,1349
275,9082,8982
276,8299,4863
277,6176,9169
278,2671,2085
279,5191,8031
279,5412,6986
281,4743,2749
282,5315,9771
282,8181,940
283,6378,7366
283,6403,4377
284,9890,3676
286,6800,6390
286,9725,3160
289,2658,8275
291,3787,9924
292,5955,4517
295,4437,3452
296,678,520
296,3198,748
297,7848,6278
298,1501,7379
301,7354,9027
302,8534,8296
303,990,3348
306,7321,484
307,3512,3231
307,5431,1691
308,950,8356
308,1101,8302
308,5644,9822
311,8067,7510
312,2463,4723
312,3699,6344
313,3359,8459
316,8866,7944
317,4956,3273
318,8676,5495
319,6732,7486
320,2611,8948
320,9905,4017
321,9137,9707
323,2496,7343
323,4980,5033
327,9697,5280
328,9461,9358
329,1183,3450
330,187,6101
331,9103,4144
332,7037,9263
333,3950,7036
334,5870,597
334,8699,8832
334,9358,5779
335,2973,6133
336,8491,2612
337,4802,7611
340,5744,6236
340,7524,8753
341,3139,4855
342,4634,839
342,8553,1759
343,7820,3756
345,6803,1350
345,9384,6665
346,5235,4261
348,5946,1804
349,1152,3172
350,5077,4950
350,9918,1333
351,9109,6183
352,1275,302
352,1343,7440
352,2231,8803
352,2658,7260
352,7879,4990
354,5415,9786
356,316,6173
358,7697,9600
359,1832,5057
360,658,2185
360,3767,4379
361,2155,41
362,3862,7587
364,5054,1859
364,5080,5698
364,7541,5699
364,9590,6962
366,200,3771
366,3820,1825
366,4509,6178
366,9692,2932
368,3416,1006
369,220,7729
370,1563,6712
371,6067,8093
372,6014,82
373,2529,940
373,4636,1312
374,7826,3539
374,8243,8679
377,4826,1562
377,6852,9060
379,5593,8794
380,8666,6577
381,9838,6987
382,420,4141
382,2315,1564
382,5209,3662
384,1470,6397
384,5848,3736
384,8846,9613
386,7022,4542
387,4058,4508
389,3848,8687
390,1801,6644
390,2492,2877
391,8136,6325
393,831,9612
394,2003,8076
394,3243,4502
394,6893,8808
394,7553,4833
399,1710,5459
400,216,6227
400,1107,6312
401,6978,2880
401,8129,8391
402,9214,3052
403,3716,2053
404,2420,2065
404,9183,7813
408,8354,8587
409,7079,8112
410,5384,417
411,2643,49
411,6205,1781
411,9107,6998
412,4352,2639
412,6459,865
414,8074,7444
415,3547,6137
415,3948,7873
416,1285,884
416,8298,4963
417,2355,5596
418,2151,395
420,2074,6516
421,4749,8521
423,9008,1325
425,4984,8499
426,9482,4372
427,7429,5804
429,3245,256
429,6020,8902
429,9002,8022
429,9119,7788
431,599,9910
432,1935,5757
432,2150,9896
432,4539,9713
433,360,3268
433,9340,6604
434,7513,6528
436,431,5190
436,5118,5473
438,4446,2227
438,4493,3238
438,9573,4262
439,6207,8454
441,3135,5224
441,6682,7578
442,6917,3158
444,2714,9811
446,6989,6270
448,5177,1113
448,7112,9732
448,7420,1240
453,3599,7765
453,5368,426
456,2819,9677
457,980,704
458,2542,9767
460,7701,9529
460,7729,2841
461,839,470
461,9814,6309
463,449,3241
464,3046,6241
464,7795,860
465,3501,1498
466,5801,54
468,1251,2747
468,5005,3487
469,4122,3371
471,6702,2475
473,341,331
474,5577,3532
474,6081,3787
474,6850,5063
474,9345,9334
475,7765,7493
475,8936,9320
475,9776,3424
477,1470,3044
477,2472,7341
477,4982,3057
478,3394,4570
481,3816,897
482,3124,13
482,3559,7260
482,4953,982
484,556,8326
484,6439,5959
485,5183,7002
485,7586,2406
486,2103,3160
487,1582,931
487,1854,7986
489,4674,6222
490,2518,1286
490,2881,5188
491,3377,2928
493,2266,7249
493,6940,4405
494,1942,2560
494,5483,4496
494,5760,6796
494,7513,659
494,9501,9165
496,5600,170
496,7133,2756
496,7494,3260
497,7581,9053
497,9141,6579
498,8204,1149
498,9647,3696
499,6970,6734
