9498
9814
9589
9661
9855
9756
9951
9249
9217
9637
9974
9027
9264
9338
9263
9194
9655
9247
9405
9664
9725
9316
9314
9915
9846
9718
9633
9877
9017
9226
9597
9275
9329
9661
9356
9629
9121
9378
9964
9650
9176
9142
9848
9601
9314
9849
9115
9997
9816
9143
9746
9933
9835
9845
9220
9256
9876
9105
9867
9053
9800
9535
9901
9348
9898
9824
9497
9371
9488
9087
9543
9603
9605
9285
9135
9499
9530
9353
9191
9252
9842
9914
9553
9976
9122
9097
9103
9425
9574
9012
9156
9892
9720
9695
9719
9476
9314
9729
9600
9417
9966
9922
9640
9482
9940
9141
9246
9937
9325
9883
9951
9223
9927
9725
9671
9124
9143
9814
9081
9482
9036
9301
9310
9714
9615
9653
9205
9947
9817
9659
9155
9175
9058
9057
9674
9631
9192
9554
9795
9660
9872
9057
9609
9790
9450
9794
9404
9315
9167
9893
9921
9746
9015
9678
9190
9426
9314
9226
9561
9281
9699
9257
9839
9369
9541
9443
9523
9860
9427
9982
9887
9810
9706
9006
9970
9697
9835
9504
9054
9989
9156
9466
9887
9693
9938
9133
9382
9796
9331
9915
9565
9912
9388
9491
9016
9903
9356
9213
9772
9078
9352
9225
9128
9288
9140
9045
9599
9012
9581
9322
9975
9324
9670
9039
9611
10000
9334
9847
9429
9173
9895
9994
9979
9755
9789
9501
9187
9767
9430
9241
9739
9615
9662
9315
9800
9324
9698
9380
9919
9394
9503
9641
9827
9906
9625
9265
9038
9982
9498
9396
9564
9603
9484
9576
9361
9192
9714
9532
9516
9331
9044
9542
9266
9810
9691
9931
9755
9164
9222
9877
9720
9061
9383
9083
9585
9460
9150
9157
9998
9861
9097
9047
9560
9734
9829
9407
9290
9777
9964
9250
9708
9065
9106
9001
9957
9028
9083
9963
9532
9367
9351
9531
9250
9706
9451
9228
9771
9145
9157
9334
9274
9373
9566
9162
9053
9252
9432
9025
9878
9059
9743
9905
9615
9599
9623
9027
9889
9088
9291
9398
9389
9455
9930
9761
9643
9113
9930
9293
9902
9175
9291
9661
9224
9698
9080
9742
9623
9078
9219
9697
9121
9772
9565
9497
9152
9187
9328
9138
9841
9691
9369
9939
9316
9617
9796
9149
9041
9269
9081
9066
9285
9529
9240
9204
9373
9565
9752
9896
9360
9011
9639
9698
9839
9371
9909
9646
9158
9846
9738
9947
9880
9681
9856
9251
9281
9860
9622
9579
9417
9663
9063
9308
9946
9660
9093
9272
9476
9299
9514
9641
9120
9643
9238
9529
9301
9311
9157
9838
9930
9049
9811
9969
9112
9239
9244
9371
9465
9018
9506
9739
9039
9890
9322
9527
9865
9535
9839
9526
9469
9455
9749
9029
9205
9151
9051
9600
9895
9581
9152
9402
9740
9519
9890
9657
9005
9192
9808
9968
9545
9374
9468
9861
9837
9113
9630
9553
9350
9066
9125
9636
9260
9998
9126
9080
9446
9635
9520
9573
9963
9526
9874
9889
9804
9574
9199
9820
9875
9644
9971
9077
9783
9782
9369
9434
9100
9382
9875
9239
9258
9239
9476
9905
9463
9887
9417
9764
9798
9103
9513
9150
9003
9661
9117
9608
9664
9629
9813
9183
9439
9514
9011
9177
9482
9755
9668
9490
9293
9396
9290
9560
9607
9043
9471
9014
9360
9895
9066
9064
9122
9049
9906
9644
9791
9506
9485
9042
9404
9944
9004
9521
9909
9962
9119
9065
9008
9591
9058
9279
9375
9193
9377
9702
9546
9443
9603
9432
9226
9588
9594
9091
9654
9093
9957
9198
9939
9299
9860
9001
9636
9225
9970
9511
9360
9225
9163
9422
9454
9353
9183
9829
9385
9895
9053
9474
9474
9499
9058
9774
9153
9114
9341
9674
9481
9486
9031
9783
9357
9492
9039
9169
9020
9668
9912
9527
9607
9331
9318
9788
9367
9329
9339
9618
9668
9005
9559
9639
9959
9311
9929
9701
9648
9541
9184
9160
9482
9636
9571
9699
9109
9403
9259
9007
9556
9594
9475
9363
9866
9241
9741
9324
9622
9189
9099
9081
9795
9926
9696
9350
9032
9891
9869
9253
9558
9661
9547
9101
9624
9365
9019
9558
9926
9461
9247
9353
9808
9214
9167
9392
9639
9373
9959
9897
9960
9477
9400
9338
9964
9558
9972
9838
9890
9550
9356
9603
9659
9581
9588
9979
9897
9709
9243
9382
9785
9808
9284
9730
9509
9531
9914
9602
9001
9004
9628
9541
9763
9272
9859
9885
9891
9541
9296
9229
9974
9199
9296
9434
9693
9702
9848
9909
9681
9376
9228
9390
9631
9312
9215
9940
9191
9998
9205
9086
9668
9229
9612
9977
9704
9964
9817
9187
9033
9980
9989
9953
9808
9734
9845
9906
9290
9662
9942
9120
9361
9057
9643
9698
9567
9567
9026
9370
9252
9018
9473
9613
9209
9815
9633
9396
9696
9294
9638
9267
9740
9109
9981
9004
9896
9322
9573
9189
9280
9316
9884
9316
9630
9129
9601
9509
9108
9494
9207
9637
9751
9280
9484
9285
9271
9087
9608
9840
9772
9930
9780
9404
9722
9156
9430
9587
9162
9647
9514
9281
9875
9334
9495
9523
9705
9642
9317
9936
9101
9065
9701
9742
9919
9534
9263
9458
9189
9868
9171
9527
9182
9570
9123
9502
9561
9390
9691
9084
9444
9365
9467
9454
9588
9603
9020
9926
9907
9228
9217
9147
9547
9756
9844
9580
9691
9689
9320
9691
9845
9409
9998
9426
9028
9949
9574
9368
9805
9213
9565
9938
9787
9270
9576
9110
9119
9770
9716
9981
9180
9300
9366
9275
9993
9925
9511
9196
9565
9772
9429
9218
9849
9905
9360
9129
9912
9914
9989
9825
9031
9778
9810
9646
9209
9425
9367
9606
9438
9636
9156
9376
9919
9242
9219
9481
9734
9242
9655
9590
9679
9886
9592
9002
9689
9997
9314
9785
9025
9852
9651
9715
9337
9660
9051
9031
9587
9498
9759
9569
9891
9046
9734
9100
9431
9027
9175
9767
9698
9429
9518
9781
9690
9659
9397
9312
9519
9708
9946
9987
9120
9409
9347
9503
9524
9539
9227
9024
9776
9333
9442
9140
9585
9756
9219
9275
9625
9456
9708
9505
9342
9477
9854
9657
