4
4
4
5
5
6
8
10
13
14
16
18
18
19
19
20
21
21
22
23
23
27
30
30
31
31
32
33
35
35
41
41
42
42
43
45
45
46
47
47
48
52
53
53
53
54
54
54
54
56
56
57
57
57
58
58
58
59
59
59
62
63
63
64
64
65
65
65
67
69
69
69
69
71
73
74
76
78
79
80
80
80
83
84
85
85
86
86
87
87
87
88
89
90
92
93
93
94
94
95
95
96
96
99
100
100
101
103
104
105
107
107
108
110
110
110
111
111
111
112
112
113
115
115
118
119
120
120
120
121
121
122
123
123
123
124
125
127
128
130
130
130
131
135
135
136
136
139
139
140
141
142
145
146
146
147
148
148
149
149
150
151
152
153
154
155
156
157
157
158
158
159
160
161
161
163
164
164
165
165
166
168
170
170
171
174
175
176
176
176
176
177
177
178
178
179
180
183
183
186
186
187
187
188
189
189
191
191
192
192
193
194
195
197
198
198
200
200
202
204
204
204
205
205
208
209
211
211
211
212
214
214
215
215
217
219
219
221
222
222
223
223
224
224
225
225
228
232
232
233
233
234
235
236
236
238
238
239
239
239
239
239
241
242
242
243
244
246
246
247
247
248
248
248
249
249
251
253
254
254
255
258
258
259
262
262
263
263
264
264
267
271
271
272
273
273
274
275
275
276
277
278
280
280
280
282
282
284
285
285
287
287
287
288
290
290
292
292
294
295
296
299
299
301
301
303
303
304
304
305
307
307
307
310
310
312
312
314
314
315
315
318
319
320
321
321
321
322
322
322
322
328
328
329
329
330
330
330
332
332
333
335
338
340
341
342
342
343
343
344
345
347
350
354
355
355
356
358
360
360
361
363
363
364
364
365
366
373
375
375
376
376
377
379
380
381
381
382
382
384
384
385
386
386
390
394
395
395
399
399
404
405
405
406
406
408
409
410
411
412
413
413
415
417
417
418
418
419
420
420
421
421
423
424
424
425
425
427
434
434
435
436
436
437
437
438
441
443
444
448
448
449
450
451
451
451
453
453
454
454
456
456
457
457
457
459
460
460
460
461
463
463
463
465
465
465
468
468
471
473
474
475
475
476
476
477
477
478
478
478
478
479
480
480
481
481
482
482
483
484
485
485
487
488
488
489
489
491
491
492
492
494
494
494
494
495
495
496
499
499
500
501
501
502
503
503
505
508
513
514
514
515
516
517
517
519
519
525
525
527
527
529
530
531
532
533
534
534
536
536
536
536
537
537
538
539
540
542
542
542
544
545
546
546
547
548
548
550
552
553
554
554
555
555
557
558
558
558
558
560
560
560
562
562
565
566
566
568
570
570
571
572
572
573
574
578
578
578
580
581
581
583
583
584
585
586
588
589
590
591
591
593
594
594
598
600
602
603
603
604
604
605
606
606
609
609
611
612
613
614
614
615
615
618
618
620
620
620
620
620
621
623
624
625
625
626
626
627
627
627
627
628
629
629
630
631
631
633
634
638
640
641
645
645
646
647
648
649
649
650
653
653
655
655
657
659
659
659
660
661
662
662
663
663
665
667
668
668
671
672
673
673
674
674
675
676
678
678
679
681
682
683
685
685
686
687
688
688
690
691
692
692
692
697
700
703
704
704
705
705
709
710
712
712
713
713
714
715
716
716
718
718
719
720
721
722
723
725
727
728
729
730
733
734
737
737
737
738
738
740
741
741
742
742
742
742
742
742
744
744
744
746
747
747
747
749
750
750
751
751
751
755
755
756
757
758
760
760
760
762
762
763
763
764
764
764
765
767
769
770
770
771
771
773
773
774
774
775
775
779
779
781
782
783
783
785
785
786
788
790
790
791
791
792
794
795
797
797
799
799
801
802
802
804
804
805
806
807
809
809
810
812
812
814
814
815
816
816
816
818
818
818
818
818
819
822
823
824
825
825
825
826
826
827
827
829
831
833
837
839
839
839
840
842
843
843
846
847
848
851
851
854
855
856
858
858
859
859
860
861
861
864
866
867
868
869
869
869
869
870
871
871
872
874
874
875
876
876
880
881
881
881
883
885
885
885
886
886
888
890
890
891
891
893
893
894
896
897
898
898
898
899
900
904
905
908
912
912
917
917
919
919
919
922
922
922
923
927
929
930
930
933
934
937
937
939
939
941
944
944
944
945
946
946
947
947
949
949
950
951
952
956
957
957
958
959
960
961
961
962
963
964
964
965
967
967
967
968
969
969
969
969
970
970
971
971
971
973
973
975
976
977
977
979
979
980
981
982
984
984
984
985
987
988
989
990
990
991
992
994
994
994
995
995
996
996
996
996
997
997
997
997
998
999
999
999
1000
1000
1000
1001
1002
1004
1005
1006
1006
1010
1013
1013
1014
1015
1015
1017
1017
1018
1018
1019
1019
1020
1021
1021
1023
1023
1025
1025
1027
1030
1032
1032
1033
1034
1036
1037
1037
1037
1040
1041
1041
1042
1042
1043
1044
1044
1045
1048
1049
1050
1050
1052
1055
1056
1057
1057
1058
1059
1060
1060
1060
1062
1063
1064
1064
1066
1066
1069
1069
1069
1069
1069
1070
1070
1071
1073
1074
1074
1076
1076
1077
1077
1077
1077
1079
1082
1085
1085
1086
1086
1087
1088
1088
1089
1090
1091
1096
1097
1101
1105
1106
1106
1106
1107
1109
1110
1112
1113
1113
1114
1114
1115
1116
1117
1117
1118
1118
1119
1120
1123
1125
1125
1125
1125
1126
1128
1128
1129
1130
1130
1132
1132
1134
1134
1135
1137
1137
1137
1138
1140
1142
1142
1143
1143
1143
1143
1144
1144
1145
1145
1146
1146
1149
1149
1151
1151
1152
1152
1154
1155
1155
1155
1155
1158
1159
1159
1160
1162
1163
1164
1165
1165
1166
1167
1169
1171
1171
1172
1172
1173
1173
1175
1178
1178
1179
1181
1182
1182
1184
1184
1184
1184
1185
1186
1188
1188
1192
1193
1193
1193
1195
1196
1196
1197
1198
1198
1199
1200
1201
1201
1201
1201
1202
1202
1205
1207
1208
1208
1209
1209
1210
1210
1210
1210
1211
1211
1212
1212
1213
1214
1217
1217
1219
1219
1222
1222
1223
1224
1225
1226
1227
1228
1229
1230
1233
1234
1235
1237
1244
1244
1246
1247
1247
1250
1250
1250
1251
1252
1253
1254
1255
1255
1256
1256
1257
1258
1261
1262
1264
1264
1265
1266
1268
1269
1269
1270
1272
1273
1273
1274
1274
1276
1277
1277
1279
1281
1281
1282
1284
1284
1285
1287
1288
1289
1290
1291
1293
1294
1295
1295
1297
1300
1301
1304
1304
1304
1306
1306
1307
1307
1313
1315
1316
1318
1323
1324
1326
1328
1330
1330
1331
1331
1333
1333
1333
1334
1335
1336
1337
1337
1340
1341
1342
1342
1343
1345
1345
1351
1352
1352
1352
1352
1353
1353
1354
1354
1356
1356
1356
1357
1358
1360
1361
1364
1365
1368
1368
1368
1368
1369
1371
1371
1372
1375
1376
1377
1377
1379
1381
1381
1381
1382
1382
1384
1385
1389
1389
1390
1390
1391
1391
1393
1395
1395
1396
1398
1400
1401
1401
1403
1406
1406
1407
1409
1410
1412
1414
1414
1415
1415
1415
1415
1416
1416
1416
1418
1419
1422
1426
1427
1429
1429
1430
1431
1432
1434
1436
1437
1438
1439
1445
1447
1447
1447
1450
1452
1455
1455
1456
1457
1458
1458
1461
1463
1466
1466
1468
1469
1469
1470
1471
1472
1472
1475
1475
1475
1478
1479
1481
1482
1486
1488
1488
1488
1490
1490
1490
1492
1492
1493
1493
1495
1496
1497
1498
1498
1499
1501
1502
1505
1506
1507
1507
1509
1509
1510
1511
1512
1513
1514
1514
1517
1517
1520
1520
1524
1525
1527
1528
1529
1530
1532
1532
1533
1533
1533
1534
1536
1537
1542
1542
1544
1544
1544
1544
1546
1546
1547
1548
1549
1549
1549
1553
1553
1555
1555
1556
1557
1558
1559
1561
1563
1565
1566
1566
1566
1568
1569
1569
1569
1571
1575
1575
1577
1580
1581
1582
1582
1583
1583
1585
1586
1588
1588
1590
1591
1591
1593
1593
1595
1596
1596
1598
1598
1598
1598
1598
1599
1599
1600
1601
1601
1601
1602
1603
1606
1606
1607
1608
1609
1611
1612
1612
1613
1614
1615
1616
1616
1616
1618
1618
1620
1621
1622
1623
1625
1626
1626
1627
1628
1628
1628
1628
1629
1630
1630
1631
1633
1633
1635
1637
1637
1638
1638
1638
1639
1639
1640
1640
1641
1643
1643
1644
1645
1647
1648
1651
1655
1656
1657
1658
1659
1662
1663
1664
1674
1675
1675
1676
1677
1678
1679
1681
1681
1681
1682
1682
1683
1684
1687
1687
1688
1688
1689
1689
1693
1694
1694
1695
1695
1696
1696
1697
1697
1697
1698
1701
1702
1704
1705
1705
1705
1705
1705
1706
1708
1708
1709
1711
1712
1713
1714
1714
1716
1716
1716
1716
1717
1717
1717
1717
1718
1718
1719
1719
1719
1724
1725
1726
1726
1727
1728
1729
1729
1730
1732
1732
1733
1733
1733
1733
1734
1736
1736
1737
1737
1738
1738
1738
1739
1740
1742
1742
1742
1742
1743
1744
1745
1746
1747
1747
1749
1749
1750
1750
1752
1754
1754
1754
1755
1755
1758
1758
1759
1760
1763
1763
1763
1764
1765
1766
1767
1769
1770
1770
1770
1771
1771
1771
1772
1772
1774
1775
1776
1777
1777
1779
1781
1781
1784
1784
1784
1785
1786
1787
1788
1791
1791
1792
1794
1796
1796
1797
1797
1797
1798
1800
1801
1801
1801
1802
1804
1804
1804
1805
1806
1808
1809
1811
1811
1812
1812
1812
1812
1812
1812
1812
1815
1818
1818
1819
1819
1822
1822
1823
1825
1826
1826
1828
1829
1830
1830
1830
1831
1835
1836
1839
1840
1840
1840
1841
1844
1845
1845
1845
1846
1847
1850
1851
1852
1853
1857
1857
1858
1860
1860
1862
1862
1862
1864
1865
1865
1865
1866
1867
1868
1868
1868
1869
1870
1870
1870
1875
1876
1876
1878
1879
1879
1880
1880
1882
1883
1884
1884
1884
1887
1888
1890
1892
1892
1893
1893
1896
1896
1897
1898
1898
1899
1900
1901
1901
1902
1904
1905
1906
1906
1908
1908
1908
1909
1909
1909
1909
1910
1910
1911
1913
1913
1915
1917
1918
1919
1919
1919
1920
1921
1922
1923
1923
1923
1923
1926
1928
1929
1931
1933
1934
1935
1935
1935
1935
1938
1940
1940
1941
1941
1941
1943
1944
1945
1949
1951
1952
1953
1954
1954
1955
1955
1956
1956
1956
1956
1958
1959
1959
1959
1959
1960
1961
1962
1963
1964
1967
1968
1969
1972
1972
1972
1975
1977
1978
1980
1980
1981
1982
1983
1986
1986
1987
1988
1988
1988
1990
1992
1994
1997
1997
1999
2001
2002
2002
2006
2009
2012
2013
2014
2014
2014
2015
2020
2020
2021
2021
2024
2026
2028
2031
2032
2032
2033
2034
2034
2035
2035
2037
2039
2040
2040
2042
2044
2045
2046
2047
2047
2048
2049
2050
2052
2052
2053
2056
2056
2057
2057
2057
2058
2059
2059
2060
2060
2060
2062
2064
2066
2066
2067
2068
2068
2069
2069
2070
2072
2073
2074
2074
2076
2077
2077
2079
2080
2080
2080
2080
2081
2082
2083
2083
2083
2084
2084
2084
2085
2085
2086
2086
2088
2089
2089
2091
2092
2092
2095
2096
2096
2096
2096
2096
2097
2099
2100
2101
2103
2104
2110
2113
2113
2114
2114
2116
2117
2119
2121
2122
2124
2124
2125
2126
2126
2127
2127
2128
2128
2129
2132
2135
2138
2138
2138
2140
2142
2142
2143
2143
2143
2145
2147
2147
2148
2150
2150
2150
2153
2155
2155
2157
2159
2159
2160
2160
2161
2161
2166
2166
2167
2167
2170
2172
2172
2172
2173
2173
2173
2174
2175
2177
2179
2180
2181
2183
2183
2185
2185
2185
2185
2185
2186
2186
2187
2187
2187
2190
2190
2191
2192
2194
2195
2195
2196
2197
2197
2199
2199
2200
2202
2202
2204
2206
2206
2207
2207
2208
2209
2209
2209
2212
2213
2215
2215
2216
2216
2221
2221
2221
2222
2222
2222
2222
2223
2223
2224
2225
2225
2225
2225
2226
2227
2228
2229
2230
2231
2231
2231
2233
2234
2234
2235
2235
2236
2238
2238
2239
2240
2240
2241
2241
2242
2244
2244
2245
2245
2245
2246
2246
2250
2250
2251
2252
2252
2252
2253
2254
2255
2257
2260
2261
2263
2264
2270
2271
2271
2274
2276
2279
2279
2280
2280
2281
2282
2282
2283
2283
2283
2285
2285
2285
2286
2287
2288
2290
2292
2292
2293
2293
2295
2295
2295
2295
2296
2296
2297
2298
2299
2299
2301
2302
2304
2306
2307
2308
2308
2309
2309
2310
2311
2312
2313
2315
2315
2315
2316
2317
2318
2318
2319
2321
2322
2324
2325
2327
2328
2329
2330
2331
2333
2333
2334
2337
2342
2342
2344
2344
2344
2345
2348
2348
2348
2350
2351
2351
2352
2354
2354
2355
2355
2358
2359
2362
2362
2362
2363
2364
2364
2364
2364
2365
2367
2367
2368
2368
2369
2369
2370
2370
2372
2373
2374
2374
2374
2375
2375
2376
2376
2377
2378
2379
2379
2383
2383
2384
2387
2388
2389
2389
2390
2391
2392
2392
2392
2393
2394
2395
2396
2400
2403
2406
2406
2407
2407
2408
2408
2408
2408
2408
2408
2410
2411
2412
2412
2412
2413
2414
2415
2416
2417
2418
2419
2421
2423
2423
2424
2424
2424
2426
2426
2427
2428
2430
2430
2431
2432
2434
2439
2440
2441
2441
2442
2443
2443
2443
2445
2447
2447
2447
2449
2449
2449
2450
2450
2451
2451
2453
2453
2454
2458
2459
2461
2462
2463
2464
2466
2467
2467
2470
2470
2471
2472
2473
2473
2474
2480
2482
2482
2483
2484
2485
2485
2486
2488
2489
2491
2493
2494
2495
2497
2497
2498
2499
2501
2501
2504
2504
2504
2504
2504
2504
2505
2505
2506
2507
2508
2508
2510
2510
2511
2512
2514
2515
2517
2518
2518
2519
2522
2523
2523
2524
2525
2526
2527
2527
2528
2529
2529
2530
2530
2531
2531
2532
2532
2533
2534
2536
2537
2539
2539
2540
2541
2541
2545
2549
2549
2549
2551
2551
2551
2553
2554
2554
2557
2559
2559
2560
2561
2561
2564
2564
2564
2565
2566
2568
2568
2571
2572
2573
2573
2574
2574
2575
2575
2576
2576
2577
2578
2579
2579
2580
2580
2581
2581
2582
2583
2583
2586
2586
2586
2586
2586
2587
2587
2588
2589
2591
2592
2592
2592
2593
2595
2597
2597
2597
2598
2598
2600
2600
2601
2602
2602
2604
2604
2604
2607
2609
2611
2611
2612
2612
2615
2615
2617
2618
2618
2619
2620
2622
2622
2624
2625
2626
2626
2627
2627
2628
2628
2629
2630
2630
2631
2633
2633
2635
2635
2637
2637
2637
2638
2639
2640
2641
2643
2644
2644
2645
2646
2647
2649
2649
2650
2651
2651
2652
2652
2654
2655
2655
2656
2656
2659
2661
2662
2664
2664
2665
2666
2666
2666
2667
2667
2668
2668
2670
2670
2676
2678
2679
2679
2680
2680
2682
2683
2684
2685
2686
2686
2688
2688
2689
2689
2690
2690
2692
2693
2693
2695
2696
2697
2697
2700
2700
2702
2703
2703
2704
2704
2705
2706
2706
2706
2709
2710
2711
2712
2713
2713
2715
2715
2716
2717
2718
2718
2718
2719
2720
2721
2722
2724
2725
2726
2728
2730
2731
2732
2733
2739
2739
2739
2740
2743
2744
2745
2747
2748
2749
2750
2750
2751
2751
2751
2752
2753
2754
2754
2755
2755
2757
2758
2758
2758
2758
2761
2761
2761
2761
2763
2764
2764
2765
2766
2767
2767
2768
2768
2769
2772
2773
2775
2775
2776
2780
2781
2781
2781
2783
2784
2785
2785
2786
2787
2788
2788
2788
2790
2790
2790
2791
2793
2793
2793
2793
2794
2794
2796
2797
2797
2798
2799
2803
2806
2806
2807
2810
2810
2810
2810
2811
2812
2812
2812
2813
2814
2815
2815
2816
2817
2818
2819
2820
2821
2824
2824
2824
2824
2824
2824
2825
2826
2827
2827
2827
2828
2830
2830
2831
2832
2834
2834
2837
2837
2837
2842
2842
2842
2845
2847
2848
2853
2853
2854
2854
2855
2856
2856
2857
2857
2859
2859
2860
2860
2860
2860
2862
2863
2864
2866
2867
2867
2868
2870
2872
2874
2875
2875
2875
2877
2880
2880
2883
2883
2883
2883
2883
2883
2885
2885
2887
2888
2888
2891
2892
2894
2896
2898
2898
2898
2899
2901
2901
2902
2905
2905
2909
2912
2913
2913
2914
2915
2915
2915
2917
2917
2917
2917
2918
2920
2921
2924
2926
2926
2928
2930
2932
2932
2933
2935
2936
2936
2936
2937
2937
2939
2940
2941
2941
2941
2941
2942
2943
2948
2949
2950
2950
2952
2952
2952
2953
2953
2955
2956
2956
2957
2961
2963
2964
2966
2967
2967
2968
2970
2970
2971
2972
2973
2974
2974
2975
2975
2978
2981
2981
2983
2983
2984
2984
2986
2988
2989
2989
2991
2993
2995
2995
2995
2998
2999
2999
3000
3001
3001
3002
3003
3004
3004
3005
3005
3007
3007
3008
3009
3012
3012
3017
3019
3019
3021
3024
3024
3026
3027
3028
3028
3030
3031
3031
3033
3033
3036
3037
3038
3039
3039
3040
3040
3040
3040
3041
3042
3043
3045
3045
3051
3051
3052
3052
3052
3054
3055
3058
3058
3059
3060
3060
3060
3063
3065
3066
3066
3067
3067
3068
3069
3070
3071
3072
3073
3073
3073
3075
3077
3078
3078
3079
3079
3079
3085
3086
3086
3088
3089
3090
3090
3090
3091
3093
3093
3094
3096
3096
3096
3099
3102
3104
3104
3106
3108
3110
3110
3113
3114
3114
3114
3116
3116
3119
3119
3120
3121
3124
3125
3126
3127
3127
3132
3134
3134
3136
3137
3137
3137
3138
3138
3139
3139
3140
3143
3143
3144
3149
3149
3149
3149
3152
3152
3153
3153
3154
3155
3158
3158
3158
3158
3160
3161
3162
3163
3165
3166
3166
3166
3167
3169
3170
3172
3172
3172
3177
3177
3178
3180
3182
3182
3185
3185
3186
3188
3189
3189
3193
3194
3194
3194
3196
3198
3198
3198
3199
3200
3201
3201
3201
3203
3203
3203
3204
3205
3205
3206
3206
3207
3207
3208
3209
3209
3210
3213
3214
3216
3216
3217
3221
3222
3222
3222
3223
3223
3224
3225
3226
3227
3229
3229
3230
3230
3233
3234
3234
3236
3236
3237
3240
3241
3241
3242
3243
3244
3245
3247
3247
3248
3250
3251
3252
3253
3254
3255
3255
3256
3257
3258
3260
3261
3261
3263
3263
3263
3264
3265
3266
3268
3269
3269
3270
3272
3273
3274
3275
3275
3276
3278
3280
3281
3281
3282
3282
3283
3285
3285
3286
3286
3286
3287
3287
3288
3288
3288
3289
3292
3292
3295
3296
3298
3299
3300
3300
3302
3302
3304
3304
3305
3306
3307
3307
3307
3308
3308
3308
3309
3311
3313
3314
3316
3316
3316
3317
3318
3319
3320
3321
3322
3323
3325
3327
3327
3328
3329
3333
3333
3334
3336
3337
3339
3341
3342
3343
3344
3344
3344
3345
3345
3346
3346
3348
3348
3348
3350
3351
3351
3351
3354
3355
3360
3361
3362
3362
3362
3364
3366
3367
3369
3370
3370
3373
3373
3373
3374
3374
3374
3376
3376
3377
3378
3378
3378
3378
3378
3378
3379
3380
3380
3385
3385
3386
3387
3387
3390
3390
3390
3390
3393
3395
3395
3396
3397
3397
3397
3398
3398
3399
3399
3400
3401
3403
3403
3404
3404
3405
3406
3407
3407
3409
3409
3410
3410
3413
3413
3414
3414
3414
3414
3417
3417
3418
3418
3419
3421
3421
3421
3422
3423
3424
3425
3425
3427
3429
3429
3430
3431
3431
3431
3433
3434
3434
3434
3435
3437
3438
3441
3441
3441
3441
3442
3442
3442
3443
3443
3444
3444
3445
3446
3447
3447
3447
3448
3449
3449
3451
3451
3452
3453
3455
3455
3455
3456
3458
3459
3460
3461
3462
3463
3464
3464
3467
3467
3468
3468
3471
3471
3471
3472
3472
3472
3472
3474
3474
3474
3474
3475
3476
3476
3476
3479
3479
3479
3481
3481
3482
3482
3482
3482
3483
3492
3492
3492
3495
3496
3497
3498
3499
3500
3500
3501
3503
3503
3504
3507
3508
3510
3511
3511
3511
3512
3512
3513
3514
3517
3518
3520
3521
3521
3521
3522
3523
3523
3524
3525
3525
3526
3527
3527
3529
3530
3530
3532
3533
3535
3535
3536
3537
3537
3539
3539
3539
3540
3541
3541
3543
3544
3544
3546
3547
3548
3548
3549
3549
3550
3552
3553
3553
3556
3557
3558
3559
3560
3561
3562
3563
3564
3565
3566
3566
3567
3568
3568
3569
3569
3569
3570
3571
3571
3572
3572
3572
3572
3574
3575
3576
3577
3577
3577
3577
3578
3579
3579
3581
3582
3582
3583
3584
3584
3584
3585
3586
3586
3589
3591
3591
3593
3594
3595
3597
3597
3599
3600
3602
3602
3602
3602
3605
3606
3607
3607
3611
3612
3612
3613
3614
3614
3616
3617
3617
3619
3619
3621
3623
3624
3625
3626
3626
3627
3628
3629
3629
3630
3631
3635
3635
3635
3635
3639
3640
3640
3640
3641
3642
3642
3642
3642
3642
3645
3646
3649
3650
3651
3651
3652
3653
3654
3654
3656
3656
3657
3658
3661
3661
3663
3664
3666
3666
3666
3667
3668
3669
3669
3670
3673
3674
3675
3676
3676
3677
3678
3678
3679
3682
3685
3685
3686
3686
3687
3688
3690
3691
3691
3692
3693
3693
3696
3699
3699
3699
3700
3702
3702
3703
3703
3706
3707
3707
3708
3709
3710
3712
3712
3712
3713
3713
3714
3715
3716
3716
3719
3720
3721
3721
3722
3723
3724
3726
3727
3728
3728
3728
3732
3732
3737
3739
3740
3743
3743
3743
3747
3747
3747
3747
3749
3750
3750
3750
3752
3752
3752
3752
3754
3757
3760
3762
3762
3764
3764
3765
3765
3766
3767
3768
3771
3771
3773
3773
3773
3773
3774
3775
3777
3778
3780
3781
3783
3784
3784
3785
3786
3786
3788
3789
3789
3791
3791
3793
3793
3793
3797
3799
3800
3801
3802
3802
3803
3804
3806
3806
3807
3807
3808
3808
3808
3809
3809
3810
3810
3811
3814
3814
3815
3816
3817
3818
3818
3819
3820
3820
3821
3822
3822
3822
3823
3825
3825
3825
3826
3831
3832
3834
3834
3837
3839
3841
3842
3843
3844
3845
3846
3846
3847
3848
3849
3851
3853
3853
3854
3854
3856
3856
3857
3857
3858
3858
3859
3860
3864
3865
3866
3867
3868
3868
3870
3870
3872
3872
3874
3874
3875
3876
3876
3877
3877
3878
3878
3880
3881
3881
3881
3881
3883
3884
3886
3886
3887
3888
3889
3889
3889
3890
3890
3891
3891
3891
3892
3894
3894
3899
3900
3900
3901
3901
3902
3903
3903
3903
3904
3906
3907
3907
3907
3908
3909
3913
3914
3914
3915
3916
3916
3919
3921
3923
3924
3924
3924
3926
3926
3927
3928
3928
3929
3930
3931
3932
3932
3932
3933
3935
3935
3936
3940
3943
3943
3944
3946
3947
3947
3947
3948
3948
3949
3951
3952
3952
3952
3952
3954
3954
3956
3957
3957
3957
3958
3961
3962
3962
3963
3963
3965
3966
3967
3969
3969
3970
3971
3976
3978
3979
3980
3980
3980
3983
3983
3983
3985
3985
3986
3987
3988
3988
3989
3991
3994
3994
3994
3994
3995
3995
3995
3995
3996
3996
3997
3997
3998
4002
4003
4003
4004
4004
4005
4007
4007
4008
4009
4010
4010
4011
4012
4013
4013
4013
4014
4014
4015
4016
4016
4016
4018
4020
4023
4023
4026
4026
4026
4026
4026
4029
4029
4029
4032
4033
4034
4034
4037
4041
4041
4042
4042
4046
4046
4046
4047
4047
4053
4054
4055
4056
4058
4058
4059
4060
4060
4060
4063
4064
4067
4067
4067
4068
4068
4069
4069
4070
4070
4075
4077
4077
4077
4078
4080
4081
4084
4085
4086
4088
4089
4089
4089
4091
4091
4093
4093
4095
4095
4096
4097
4098
4099
4099
4100
4100
4100
4101
4103
4107
4107
4108
4108
4109
4110
4111
4112
4112
4113
4113
4114
4114
4116
4118
4118
4121
4122
4125
4125
4126
4130
4130
4131
4133
4135
4137
4139
4140
4143
4148
4148
4149
4149
4149
4149
4149
4150
4150
4151
4151
4151
4152
4152
4153
4153
4154
4156
4161
4166
4166
4166
4166
4166
4167
4167
4172
4173
4173
4173
4174
4175
4175
4175
4176
4176
4176
4176
4177
4179
4180
4181
4181
4183
4183
4184
4184
4184
4185
4185
4185
4186
4186
4187
4187
4189
4190
4191
4191
4192
4194
4195
4196
4197
4198
4200
4201
4201
4203
4204
4204
4205
4206
4208
4208
4209
4209
4210
4212
4212
4213
4214
4215
4215
4216
4216
4217
4218
4219
4219
4220
4220
4221
4222
4222
4222
4224
4225
4225
4226
4227
4228
4228
4229
4231
4231
4231
4232
4232
4232
4234
4234
4239
4239
4242
4242
4243
4243
4244
4244
4246
4247
4247
4247
4248
4248
4250
4252
4254
4257
4257
4258
4259
4259
4260
4260
4261
4263
4264
4264
4265
4266
4267
4268
4269
4271
4272
4275
4275
4275
4276
4278
4278
4280
4280
4281
4282
4283
4284
4286
4286
4287
4288
4288
4290
4291
4293
4293
4293
4294
4294
4294
4295
4296
4296
4298
4299
4302
4304
4304
4304
4304
4306
4307
4308
4309
4310
4310
4311
4313
4313
4314
4317
4318
4318
4322
4323
4323
4324
4324
4324
4325
4326
4326
4326
4327
4327
4328
4329
4330
4333
4333
4334
4334
4335
4336
4336
4336
4337
4338
4340
4341
4342
4343
4343
4345
4350
4350
4350
4350
4354
4355
4355
4356
4357
4357
4359
4359
4361
4361
4362
4362
4363
4363
4363
4364
4364
4366
4369
4372
4375
4375
4378
4378
4379
4379
4380
4380
4380
4383
4384
4385
4385
4385
4386
4386
4387
4387
4388
4389
4390
4391
4391
4392
4392
4394
4394
4395
4395
4396
4397
4398
4400
4400
4402
4403
4407
4407
4408
4408
4411
4413
4414
4415
4416
4417
4417
4418
4418
4419
4420
4421
4421
4423
4423
4424
4424
4424
4425
4426
4426
4426
4428
4428
4429
4430
4433
4434
4434
4435
4436
4437
4437
4437
4438
4438
4439
4439
4439
4441
4441
4444
4444
4444
4445
4446
4451
4453
4453
4454
4454
4455
4455
4455
4455
4456
4461
4461
4464
4465
4466
4466
4467
4467
4468
4473
4473
4473
4474
4474
4475
4475
4476
4477
4478
4479
4480
4481
4482
4483
4483
4483
4487
4487
4487
4489
4489
4491
4492
4494
4494
4494
4495
4498
4498
4500
4501
4502
4503
4505
4505
4506
4507
4508
4510
4511
4513
4513
4513
4514
4515
4516
4517
4517
4519
4519
4519
4520
4522
4522
4523
4523
4524
4526
4527
4527
4527
4531
4531
4532
4533
4533
4534
4535
4535
4535
4536
4538
4538
4539
4540
4540
4542
4543
4544
4544
4545
4545
4547
4548
4549
4550
4552
4553
4553
4554
4554
4555
4556
4557
4559
4560
4560
4561
4562
4563
4564
4565
4565
4566
4567
4567
4568
4569
4576
4578
4579
4579
4580
4581
4581
4582
4584
4584
4585
4585
4586
4587
4587
4588
4589
4590
4591
4591
4593
4594
4594
4594
4595
4595
4596
4598
4601
4601
4601
4602
4604
4605
4606
4607
4608
4611
4611
4611
4613
4615
4616
4617
4617
4621
4622
4623
4623
4624
4625
4626
4626
4627
4627
4627
4630
4630
4631
4631
4631
4631
4633
4633
4634
4635
4636
4637
4638
4639
4640
4641
4642
4643
4645
4645
4647
4647
4647
4648
4649
4649
4650
4651
4651
4652
4652
4652
4652
4652
4653
4654
4659
4662
4663
4665
4665
4666
4666
4667
4667
4668
4671
4671
4674
4675
4676
4676
4677
4677
4677
4679
4679
4679
4679
4679
4679
4680
4680
4681
4682
4682
4682
4683
4684
4684
4685
4686
4690
4692
4693
4694
4695
4696
4696
4697
4699
4699
4699
4699
4702
4704
4704
4705
4706
4708
4708
4709
4709
4710
4711
4714
4714
4714
4715
4715
4717
4717
4718
4718
4718
4719
4719
4719
4719
4720
4722
4722
4724
4725
4726
4727
4728
4729
4730
4730
4731
4732
4733
4734
4735
4736
4736
4736
4737
4737
4737
4739
4739
4739
4740
4740
4742
4742
4745
4746
4747
4750
4751
4752
4755
4755
4755
4755
4756
4756
4756
4757
4757
4757
4757
4758
4758
4758
4759
4759
4761
4762
4762
4766
4766
4767
4767
4770
4771
4771
4772
4773
4776
4777
4777
4779
4779
4779
4780
4783
4783
4788
4789
4790
4790
4790
4792
4792
4795
4795
4795
4796
4796
4797
4799
4799
4800
4801
4801
4803
4804
4804
4804
4806
4807
4808
4809
4809
4809
4811
4814
4815
4816
4816
4817
4817
4817
4817
4818
4819
4819
4819
4819
4820
4821
4821
4822
4822
4822
4822
4823
4823
4825
4825
4825
4826
4826
4827
4827
4828
4828
4829
4830
4831
4831
4832
4833
4834
4836
4837
4838
4839
4841
4841
4841
4841
4842
4843
4843
4843
4843
4846
4847
4848
4855
4856
4858
4859
4860
4860
4860
4862
4862
4862
4862
4865
4867
4868
4868
4869
4870
4871
4871
4872
4874
4874
4874
4875
4875
4876
4876
4877
4877
4878
4881
4883
4883
4884
4886
4886
4886
4886
4887
4888
4890
4893
4895
4897
4898
4901
4901
4901
4902
4904
4904
4904
4906
4908
4909
4910
4911
4912
4913
4913
4915
4919
4922
4922
4925
4925
4925
4927
4928
4929
4933
4934
4936
4937
4937
4938
4940
4940
4941
4942
4943
4944
4945
4946
4950
4952
4956
4956
4958
4960
4961
4963
4963
4965
4965
4966
4968
4968
4969
4971
4973
4974
4976
4976
4977
4980
4980
4980
4981
4982
4983
4985
4986
4987
4987
4988
4992
4992
4992
4995
4996
4996
4997
4997
4997
4997
4998
4999
4999
5000
5001
5002
5002
5003
5003
5004
5005
5006
5006
5007
5007
5007
5008
5009
5009
5009
5009
5012
5014
5015
5015
5017
5019
5020
5020
5021
5022
5023
5023
5027
5028
5030
5032
5033
5033
5034
5035
5041
5041
5041
5042
5043
5045
5045
5046
5047
5047
5050
5050
5051
5052
5052
5054
5054
5055
5057
5057
5058
5059
5059
5060
5060
5060
5061
5062
5062
5064
5064
5068
5069
5069
5069
5070
5071
5073
5073
5074
5074
5075
5077
5078
5078
5081
5083
5084
5085
5086
5087
5087
5088
5089
5092
5093
5094
5094
5094
5095
5096
5097
5098
5101
5101
5103
5104
5107
5108
5109
5110
5110
5110
5111
5111
5111
5112
5113
5114
5115
5116
5116
5120
5121
5121
5123
5123
5124
5125
5128
5129
5129
5129
5129
5130
5133
5133
5134
5135
5138
5140
5142
5143
5143
5143
5145
5150
5153
5153
5158
5162
5163
5163
5163
5165
5165
5166
5167
5168
5168
5170
5173
5174
5175
5176
5177
5177
5178
5178
5178
5178
5179
5179
5180
5180
5181
5182
5182
5182
5183
5183
5183
5185
5185
5186
5186
5188
5188
5189
5189
5191
5194
5194
5196
5197
5198
5198
5199
5200
5200
5200
5200
5201
5202
5204
5205
5208
5208
5209
5210
5210
5210
5210
5211
5211
5212
5216
5219
5219
5224
5226
5227
5228
5228
5229
5229
5231
5231
5231
5234
5235
5236
5237
5237
5237
5240
5241
5242
5242
5242
5245
5246
5250
5252
5254
5257
5257
5257
5257
5258
5258
5259
5259
5261
5263
5264
5265
5267
5269
5270
5270
5271
5273
5275
5276
5277
5278
5278
5278
5280
5281
5282
5283
5285
5285
5286
5286
5288
5292
5292
5292
5293
5293
5294
5295
5295
5299
5300
5300
5304
5305
5309
5312
5312
5312
5312
5313
5318
5319
5319
5320
5320
5320
5321
5323
5323
5323
5325
5325
5327
5330
5330
5332
5333
5334
5335
5336
5337
5337
5340
5340
5340
5342
5344
5344
5348
5348
5350
5350
5350
5350
5352
5352
5352
5352
5353
5353
5353
5353
5354
5354
5354
5355
5357
5358
5360
5360
5360
5363
5363
5366
5367
5367
5370
5371
5371
5372
5373
5374
5375
5377
5378
5380
5381
5383
5383
5384
5384
5384
5386
5387
5390
5390
5391
5391
5392
5393
5393
5401
5402
5406
5407
5408
5408
5409
5410
5412
5412
5412
5413
5413
5413
5414
5414
5415
5416
5417
5417
5417
5419
5419
5419
5421
5422
5424
5427
5429
5429
5430
5432
5434
5434
5435
5436
5437
5437
5439
5440
5440
5440
5441
5442
5443
5443
5445
5446
5447
5448
5450
5451
5451
5452
5452
5453
5454
5455
5456
5457
5457
5458
5458
5458
5458
5459
5461
5461
5461
5462
5463
5463
5465
5467
5467
5468
5469
5469
5470
5471
5472
5472
5474
5474
5475
5475
5476
5478
5478
5478
5480
5481
5481
5481
5485
5485
5487
5487
5488
5489
5489
5490
5490
5491
5493
5493
5494
5494
5495
5496
5496
5497
5497
5498
5498
5499
5499
5500
5500
5501
5501
5506
5507
5508
5508
5509
5510
5511
5512
5512
5513
5513
5514
5515
5516
5517
5518
5518
5519
5521
5521
5522
5523
5525
5525
5526
5527
5527
5528
5529
5530
5530
5531
5533
5533
5534
5535
5537
5537
5538
5540
5540
5542
5543
5544
5545
5545
5546
5550
5551
5553
5555
5557
5558
5558
5559
5559
5559
5560
5560
5560
5564
5565
5566
5566
5566
5567
5567
5567
5568
5570
5571
5572
5578
5578
5581
5581
5582
5582
5583
5583
5584
5585
5586
5588
5589
5589
5590
5590
5590
5591
5593
5594
5595
5604
5605
5606
5607
5607
5609
5610
5610
5611
5611
5612
5612
5613
5616
5618
5619
5619
5620
5620
5621
5624
5626
5627
5627
5628
5628
5629
5631
5631
5632
5633
5633
5633
5635
5636
5637
5637
5638
5639
5639
5639
5639
5640
5640
5641
5641
5643
5643
5644
5645
5645
5648
5649
5649
5650
5651
5655
5656
5657
5657
5657
5659
5659
5659
5660
5661
5666
5666
5669
5669
5670
5671
5672
5672
5673
5673
5676
5676
5677
5677
5680
5680
5683
5684
5686
5690
5692
5692
5692
5692
5694
5695
5696
5697
5699
5700
5701
5702
5702
5704
5704
5705
5706
5706
5708
5709
5709
5710
5710
5715
5717
5720
5721
5721
5721
5721
5723
5724
5725
5725
5727
5727
5727
5729
5734
5735
5735
5736
5737
5738
5739
5739
5742
5742
5742
5742
5745
5745
5746
5746
5747
5747
5748
5748
5749
5750
5750
5753
5754
5757
5761
5761
5761
5762
5764
5765
5765
5767
5768
5768
5772
5772
5774
5774
5776
5777
5779
5782
5785
5786
5786
5787
5788
5788
5788
5789
5789
5791
5791
5791
5792
5792
5794
5796
5800
5801
5803
5805
5805
5806
5808
5809
5809
5810
5810
5812
5812
5812
5815
5815
5815
5815
5817
5819
5819
5819
5821
5823
5827
5830
5830
5833
5834
5839
5839
5841
5842
5848
5848
5850
5850
5852
5852
5855
5856
5858
5858
5858
5858
5861
5861
5866
5866
5867
5869
5871
5874
5875
5875
5876
5881
5881
5881
5881
5882
5882
5882
5884
5888
5890
5890
5891
5892
5894
5895
5895
5896
5901
5905
5906
5907
5907
5908
5912
5913
5914
5918
5919
5919
5921
5921
5922
5923
5924
5925
5926
5928
5928
5928
5931
5931
5932
5934
5935
5936
5937
5944
5944
5945
5945
5945
5949
5949
5949
5950
5951
5951
5953
5953
5954
5954
5955
5955
5955
5958
5959
5960
5960
5963
5963
5965
5965
5966
5966
5968
5969
5969
5970
5970
5972
5972
5973
5974
5975
5976
5977
5977
5977
5980
5980
5981
5981
5981
5982
5983
5984
5985
5988
5988
5988
5989
5989
5990
5991
5991
5993
5994
5994
5994
5995
5996
5996
5998
5998
6000
6001
6001
6002
6004
6005
6005
6005
6006
6009
6011
6013
6013
6014
6019
6020
6020
6024
6026
6027
6029
6031
6031
6033
6033
6034
6035
6037
6037
6037
6037
6038
6039
6040
6041
6042
6044
6045
6045
6046
6046
6047
6053
6054
6054
6055
6056
6056
6057
6058
6060
6061
6063
6064
6065
6067
6069
6071
6071
6071
6072
6073
6074
6074
6074
6075
6077
6080
6081
6081
6084
6084
6085
6086
6087
6088
6088
6088
6089
6089
6090
6093
6094
6095
6096
6097
6098
6099
6100
6101
6101
6102
6103
6103
6104
6105
6107
6107
6108
6108
6108
6110
6110
6111
6112
6113
6113
6113
6114
6115
6116
6116
6116
6117
6120
6120
6122
6122
6123
6123
6123
6123
6124
6124
6127
6128
6129
6129
6129
6130
6131
6131
6132
6134
6134
6135
6135
6136
6136
6137
6140
6141
6143
6144
6145
6147
6147
6149
6149
6150
6153
6153
6156
6157
6157
6159
6161
6162
6166
6169
6169
6169
6171
6171
6172
6173
6174
6174
6175
6177
6177
6178
6178
6179
6179
6180
6180
6182
6182
6183
6183
6183
6184
6184
6185
6185
6186
6186
6187
6188
6190
6191
6191
6197
6198
6200
6201
6203
6204
6204
6206
6207
6208
6208
6212
6213
6216
6217
6218
6218
6219
6220
6221
6221
6225
6225
6225
6225
6226
6227
6227
6228
6229
6229
6229
6230
6230
6230
6231
6233
6233
6233
6234
6234
6234
6235
6235
6235
6237
6237
6238
6238
6239
6240
6241
6246
6246
6246
6248
6250
6251
6252
6252
6253
6253
6253
6254
6255
6255
6257
6258
6258
6259
6259
6259
6259
6260
6263
6264
6265
6266
6266
6267
6267
6269
6269
6269
6270
6270
6270
6271
6271
6272
6274
6275
6277
6278
6281
6281
6282
6283
6284
6285
6285
6287
6288
6289
6290
6292
6292
6293
6293
6295
6295
6296
6300
6300
6300
6301
6302
6304
6304
6304
6305
6306
6307
6310
6310
6313
6315
6316
6316
6317
6318
6319
6319
6320
6321
6323
6323
6324
6325
6326
6327
6327
6329
6331
6333
6333
6335
6335
6338
6344
6345
6345
6347
6347
6348
6349
6349
6350
6351
6352
6352
6357
6357
6359
6361
6365
6371
6372
6372
6372
6373
6374
6375
6375
6375
6377
6377
6379
6381
6383
6384
6384
6384
6386
6386
6389
6389
6389
6390
6390
6391
6392
6393
6393
6394
6394
6397
6398
6398
6399
6402
6403
6403
6406
6408
6408
6408
6408
6409
6413
6415
6415
6417
6418
6420
6422
6422
6423
6424
6424
6425
6429
6430
6431
6432
6432
6432
6434
6434
6435
6435
6437
6437
6438
6439
6441
6441
6442
6443
6443
6444
6444
6445
6445
6447
6448
6450
6451
6452
6453
6455
6456
6458
6458
6458
6458
6460
6461
6462
6463
6464
6464
6465
6465
6465
6466
6466
6467
6467
6469
6469
6469
6471
6472
6472
6473
6474
6474
6474
6474
6476
6478
6480
6480
6480
6482
6485
6486
6488
6489
6490
6490
6491
6491
6492
6493
6497
6498
6498
6498
6500
6500
6500
6501
6503
6504
6506
6508
6508
6509
6511
6512
6512
6514
6514
6515
6515
6518
6518
6518
6520
6520
6521
6523
6523
6526
6527
6528
6528
6529
6529
6529
6530
6530
6531
6533
6533
6534
6536
6536
6536
6537
6539
6539
6540
6541
6541
6542
6544
6544
6544
6546
6547
6550
6551
6551
6551
6553
6554
6555
6555
6556
6557
6559
6563
6563
6563
6565
6565
6566
6566
6570
6571
6572
6573
6573
6574
6577
6577
6579
6580
6582
6584
6586
6587
6589
6592
6593
6593
6593
6593
6595
6595
6596
6598
6599
6601
6602
6605
6605
6607
6608
6609
6609
6609
6609
6609
6611
6611
6614
6617
6618
6619
6620
6620
6620
6620
6621
6621
6622
6623
6623
6623
6623
6625
6625
6625
6628
6628
6628
6629
6631
6632
6634
6635
6635
6636
6637
6639
6641
6643
6644
6645
6645
6646
6647
6649
6649
6651
6651
6652
6653
6654
6654
6655
6655
6658
6661
6661
6662
6663
6665
6665
6666
6666
6667
6667
6668
6668
6668
6669
6669
6670
6671
6673
6673
6675
6676
6677
6678
6679
6680
6680
6681
6683
6685
6685
6689
6689
6690
6690
6691
6692
6692
6692
6694
6695
6696
6697
6697
6698
6699
6700
6700
6701
6703
6703
6704
6705
6706
6709
6710
6710
6711
6715
6716
6718
6719
6721
6722
6722
6723
6723
6724
6724
6725
6726
6727
6728
6728
6730
6730
6732
6732
6736
6738
6741
6742
6742
6742
6745
6746
6746
6749
6749
6752
6753
6753
6755
6757
6757
6758
6759
6763
6764
6764
6764
6764
6767
6769
6770
6770
6776
6777
6777
6781
6782
6783
6784
6785
6785
6786
6787
6787
6787
6788
6789
6790
6791
6792
6792
6793
6793
6794
6794
6794
6796
6796
6797
6797
6798
6799
6800
6800
6802
6802
6805
6806
6807
6808
6809
6810
6810
6811
6812
6812
6812
6813
6814
6815
6819
6820
6822
6822
6823
6823
6824
6825
6825
6825
6825
6826
6828
6828
6831
6832
6833
6833
6834
6835
6836
6838
6840
6840
6841
6841
6842
6842
6843
6844
6844
6845
6846
6846
6846
6847
6849
6850
6850
6851
6851
6853
6856
6857
6859
6859
6859
6860
6862
6862
6863
6863
6863
6864
6864
6864
6865
6865
6866
6866
6867
6869
6870
6872
6873
6874
6874
6875
6875
6878
6879
6880
6880
6882
6883
6883
6884
6884
6884
6885
6886
6887
6887
6889
6891
6894
6895
6896
6899
6899
6904
6904
6904
6905
6905
6906
6906
6907
6907
6909
6909
6911
6913
6917
6917
6917
6918
6919
6919
6921
6924
6925
6926
6927
6927
6931
6931
6933
6936
6936
6937
6938
6938
6939
6939
6940
6944
6944
6945
6945
6947
6949
6951
6951
6951
6951
6952
6953
6954
6954
6955
6955
6956
6957
6957
6958
6958
6960
6960
6961
6961
6967
6968
6968
6968
6968
6969
6969
6969
6970
6970
6972
6973
6974
6975
6976
6977
6978
6979
6983
6984
6984
6988
6988
6989
6991
6991
6992
6993
6994
6996
6996
6998
6998
6999
6999
7001
7002
7002
7003
7003
7004
7006
7008
7009
7009
7009
7011
7011
7012
7012
7013
7014
7014
7017
7021
7022
7023
7023
7024
7024
7026
7026
7028
7030
7030
7030
7031
7032
7033
7033
7035
7038
7038
7039
7040
7043
7044
7044
7045
7046
7046
7047
7047
7049
7050
7053
7054
7054
7055
7055
7056
7057
7058
7059
7059
7060
7060
7061
7062
7062
7064
7064
7065
7066
7067
7069
7069
7072
7072
7073
7074
7074
7078
7080
7081
7084
7084
7085
7085
7088
7090
7091
7092
7097
7103
7103
7103
7103
7105
7105
7106
7107
7107
7107
7107
7108
7109
7110
7111
7113
7114
7114
7115
7115
7116
7117
7118
7118
7118
7119
7120
7121
7121
7124
7126
7126
7126
7127
7127
7129
7129
7130
7130
7131
7131
7131
7133
7134
7134
7137
7138
7139
7139
7140
7141
7143
7144
7145
7145
7147
7148
7149
7149
7149
7150
7151
7151
7151
7151
7152
7154
7156
7157
7158
7159
7160
7160
7161
7161
7162
7163
7163
7163
7164
7164
7166
7166
7166
7168
7169
7170
7171
7172
7172
7172
7173
7175
7175
7176
7176
7176
7176
7176
7178
7180
7182
7182
7182
7183
7183
7183
7185
7189
7189
7189
7190
7191
7192
7192
7194
7194
7198
7198
7199
7200
7201
7202
7204
7205
7205
7205
7205
7208
7208
7208
7208
7208
7208
7209
7209
7209
7209
7210
7214
7214
7216
7219
7222
7223
7224
7225
7225
7226
7227
7227
7228
7229
7230
7230
7233
7233
7235
7236
7236
7236
7237
7237
7238
7238
7238
7239
7240
7241
7241
7241
7244
7246
7247
7248
7248
7255
7258
7259
7261
7264
7266
7266
7266
7267
7267
7268
7269
7269
7271
7272
7272
7273
7273
7274
7275
7276
7276
7277
7278
7278
7280
7282
7282
7282
7285
7286
7287
7288
7291
7292
7293
7294
7295
7295
7295
7296
7300
7301
7301
7302
7302
7302
7302
7302
7303
7304
7305
7306
7306
7307
7307
7308
7308
7309
7310
7310
7315
7316
7316
7316
7317
7318
7318
7319
7320
7320
7320
7321
7322
7323
7323
7323
7323
7325
7325
7325
7326
7327
7329
7332
7334
7334
7335
7336
7336
7339
7340
7340
7341
7344
7345
7345
7349
7350
7351
7352
7353
7353
7354
7355
7357
7358
7358
7359
7359
7359
7360
7360
7361
7362
7364
7369
7369
7372
7373
7376
7377
7377
7378
7379
7379
7380
7382
7383
7383
7384
7385
7388
7388
7388
7388
7389
7390
7390
7391
7391
7392
7392
7395
7397
7398
7399
7399
7401
7401
7401
7402
7403
7404
7405
7405
7405
7407
7411
7412
7412
7414
7415
7416
7416
7418
7418
7418
7420
7420
7421
7421
7422
7423
7424
7425
7426
7427
7429
7433
7434
7435
7436
7437
7437
7437
7438
7438
7438
7439
7441
7441
7441
7442
7442
7443
7446
7448
7451
7452
7453
7453
7453
7453
7453
7461
7461
7462
7466
7467
7467
7468
7469
7472
7473
7474
7475
7476
7476
7477
7477
7478
7478
7481
7482
7482
7484
7485
7485
7485
7487
7488
7491
7491
7491
7493
7493
7494
7494
7495
7495
7497
7497
7498
7500
7502
7502
7507
7507
7510
7512
7513
7513
7515
7515
7515
7515
7516
7516
7517
7517
7517
7519
7524
7524
7526
7528
7528
7528
7528
7529
7532
7532
7533
7533
7535
7535
7536
7538
7538
7538
7538
7540
7540
7541
7542
7542
7543
7545
7545
7545
7545
7546
7547
7548
7548
7548
7549
7549
7550
7550
7550
7550
7551
7552
7554
7555
7555
7555
7555
7555
7557
7559
7559
7559
7560
7561
7561
7563
7564
7565
7566
7566
7566
7566
7567
7567
7568
7568
7571
7572
7572
7573
7576
7576
7583
7585
7590
7593
7593
7594
7594
7595
7595
7595
7597
7597
7598
7598
7600
7600
7601
7604
7606
7607
7609
7611
7611
7612
7612
7613
7614
7614
7615
7615
7616
7616
7619
7621
7623
7623
7624
7625
7625
7626
7627
7628
7630
7631
7633
7633
7635
7635
7637
7637
7637
7637
7638
7638
7638
7639
7639
7640
7641
7642
7642
7643
7645
7645
7647
7651
7652
7653
7653
7653
7653
7656
7656
7659
7660
7660
7660
7662
7664
7665
7665
7666
7667
7667
7668
7670
7670
7670
7671
7672
7672
7673
7674
7676
7677
7678
7678
7678
7679
7680
7681
7681
7681
7683
7684
7684
7685
7685
7686
7688
7689
7689
7690
7690
7691
7691
7692
7695
7695
7695
7697
7697
7700
7702
7703
7703
7703
7703
7704
7704
7705
7705
7706
7707
7711
7711
7713
7715
7716
7716
7717
7717
7718
7719
7720
7721
7721
7722
7722
7722
7724
7725
7726
7727
7727
7730
7733
7733
7734
7737
7740
7741
7741
7741
7742
7743
7743
7744
7744
7744
7749
7749
7750
7750
7751
7751
7754
7755
7755
7756
7757
7757
7757
7758
7758
7761
7762
7764
7765
7765
7765
7765
7766
7766
7766
7766
7767
7770
7773
7774
7774
7774
7777
7779
7782
7783
7783
7783
7784
7785
7786
7787
7787
7788
7789
7789
7793
7793
7795
7796
7797
7798
7798
7798
7799
7799
7799
7800
7800
7805
7806
7806
7806
7809
7809
7810
7810
7811
7812
7812
7814
7815
7816
7816
7816
7817
7817
7818
7819
7822
7822
7823
7824
7825
7825
7826
7827
7827
7828
7829
7829
7831
7831
7832
7832
7833
7833
7834
7835
7835
7836
7838
7841
7843
7845
7846
7846
7849
7850
7851
7852
7853
7854
7854
7857
7858
7858
7859
7859
7860
7860
7861
7861
7862
7863
7863
7863
7863
7864
7864
7866
7868
7868
7868
7869
7871
7873
7873
7874
7874
7874
7876
7876
7877
7878
7878
7879
7880
7880
7882
7883
7884
7885
7885
7885
7885
7886
7887
7887
7888
7888
7888
7891
7892
7892
7893
7893
7895
7895
7895
7895
7897
7897
7902
7902
7903
7903
7904
7905
7907
7908
7908
7908
7909
7909
7914
7915
7916
7917
7917
7920
7920
7922
7922
7922
7922
7923
7924
7925
7929
7929
7929
7930
7930
7933
7933
7935
7935
7935
7936
7937
7940
7940
7941
7941
7941
7942
7943
7945
7945
7946
7947
7948
7949
7949
7950
7951
7952
7952
7953
7953
7954
7954
7955
7955
7956
7956
7957
7957
7958
7959
7960
7961
7962
7964
7964
7966
7968
7968
7968
7968
7968
7971
7971
7973
7973
7976
7976
7977
7978
7980
7980
7981
7981
7983
7984
7984
7985
7985
7986
7986
7986
7988
7988
7989
7989
7989
7993
7994
7994
7994
7995
7998
8000
8001
8001
8002
8003
8005
8006
8008
8008
8009
8010
8010
8010
8011
8013
8013
8013
8013
8014
8014
8019
8022
8024
8025
8025
8025
8026
8029
8030
8031
8032
8032
8034
8034
8035
8035
8038
8040
8040
8041
8042
8042
8044
8045
8048
8052
8054
8054
8055
8056
8057
8057
8062
8064
8064
8064
8067
8068
8068
8069
8071
8072
8076
8078
8079
8079
8081
8083
8083
8084
8087
8088
8088
8091
8094
8094
8095
8096
8096
8099
8100
8103
8103
8104
8105
8106
8106
8106
8106
8107
8113
8115
8115
8116
8117
8118
8119
8119
8119
8120
8120
8121
8122
8122
8123
8123
8124
8125
8127
8127
8128
8128
8128
8129
8129
8129
8131
8132
8132
8132
8135
8139
8141
8141
8142
8143
8145
8145
8148
8149
8151
8151
8151
8151
8153
8154
8154
8155
8156
8157
8161
8162
8162
8165
8165
8166
8166
8166
8167
8169
8170
8174
8175
8175
8175
8175
8176
8177
8179
8179
8180
8181
8181
8181
8182
8182
8184
8185
8189
8189
8190
8190
8191
8193
8196
8196
8196
8197
8198
8198
8200
8200
8201
8202
8202
8203
8203
8204
8204
8204
8206
8207
8208
8210
8210
8211
8211
8216
8216
8217
8217
8220
8223
8223
8225
8225
8228
8229
8230
8230
8230
8233
8234
8237
8237
8238
8241
8242
8243
8244
8244
8244
8245
8246
8247
8250
8251
8252
8253
8253
8253
8253
8253
8254
8255
8255
8255
8257
8257
8258
8259
8261
8262
8263
8264
8265
8266
8267
8267
8269
8270
8272
8272
8274
8274
8275
8275
8276
8277
8278
8278
8280
8280
8280
8282
8282
8283
8283
8284
8284
8284
8287
8289
8290
8291
8292
8294
8295
8296
8297
8297
8298
8298
8300
8300
8301
8303
8304
8304
8304
8304
8305
8306
8308
8308
8309
8309
8310
8311
8312
8312
8314
8315
8317
8317
8318
8319
8322
8324
8326
8328
8329
8331
8331
8332
8334
8334
8334
8336
8337
8338
8339
8340
8340
8340
8341
8343
8345
8345
8347
8348
8349
8350
8351
8353
8353
8353
8354
8359
8362
8362
8362
8365
8366
8366
8367
8367
8369
8369
8369
8370
8370
8370
8373
8376
8385
8386
8386
8387
8387
8391
8391
8391
8391
8392
8392
8393
8394
8395
8395
8397
8397
8398
8401
8401
8403
8404
8405
8407
8408
8409
8409
8409
8410
8412
8413
8415
8415
8416
8416
8419
8420
8426
8426
8427
8427
8429
8432
8433
8438
8440
8445
8445
8447
8449
8449
8450
8450
8450
8450
8452
8452
8453
8453
8453
8454
8454
8455
8455
8455
8457
8458
8458
8461
8462
8462
8462
8464
8466
8466
8469
8471
8472
8473
8476
8477
8477
8479
8483
8483
8483
8486
8487
8496
8496
8497
8498
8498
8498
8501
8503
8505
8505
8505
8508
8508
8508
8508
8509
8510
8512
8512
8512
8512
8513
8515
8516
8518
8519
8520
8521
8521
8523
8524
8524
8525
8526
8528
8528
8529
8529
8529
8530
8530
8531
8532
8532
8533
8533
8533
8533
8533
8534
8534
8535
8535
8536
8536
8537
8537
8537
8538
8538
8539
8539
8539
8540
8542
8544
8546
8546
8547
8548
8550
8550
8550
8551
8553
8557
8558
8560
8560
8562
8563
8563
8563
8563
8570
8571
8572
8573
8575
8577
8580
8581
8582
8584
8585
8585
8586
8586
8587
8592
8592
8592
8593
8596
8596
8596
8596
8597
8597
8600
8600
8601
8601
8602
8603
8606
8606
8608
8609
8609
8609
8611
8614
8615
8617
8619
8619
8621
8623
8623
8623
8623
8624
8624
8625
8625
8625
8626
8628
8628
8629
8630
8630
8631
8632
8633
8633
8634
8634
8635
8638
8639
8640
8640
8640
8640
8641
8642
8642
8643
8643
8645
8645
8647
8648
8648
8648
8649
8651
8652
8652
8652
8655
8656
8658
8658
8659
8660
8661
8668
8673
8673
8673
8674
8674
8674
8675
8676
8677
8677
8677
8680
8681
8681
8683
8686
8689
8689
8693
8694
8694
8696
8696
8699
8701
8702
8704
8706
8707
8707
8708
8710
8710
8711
8712
8713
8716
8716
8716
8721
8721
8722
8725
8725
8726
8727
8728
8728
8729
8729
8729
8729
8730
8731
8732
8735
8736
8738
8738
8740
8740
8741
8742
8742
8744
8745
8746
8747
8748
8748
8749
8749
8749
8751
8753
8755
8756
8756
8756
8756
8757
8758
8759
8762
8763
8763
8763
8763
8764
8768
8770
8772
8773
8774
8774
8775
8776
8776
8777
8779
8779
8780
8780
8781
8781
8784
8785
8785
8785
8787
8787
8788
8790
8791
8794
8795
8796
8798
8798
8799
8800
8801
8803
8804
8804
8806
8806
8807
8811
8811
8812
8812
8813
8813
8816
8816
8816
8817
8819
8820
8821
8822
8823
8824
8825
8825
8825
8830
8831
8832
8833
8834
8834
8835
8835
8837
8839
8839
8841
8842
8843
8844
8844
8845
8846
8846
8846
8849
8850
8851
8851
8852
8855
8856
8856
8857
8857
8858
8859
8860
8860
8864
8866
8870
8870
8871
8874
8875
8877
8878
8878
8879
8881
8882
8883
8883
8886
8888
8889
8889
8891
8892
8893
8894
8897
8897
8899
8900
8900
8901
8902
8903
8906
8906
8907
8907
8909
8911
8915
8915
8915
8920
8920
8922
8922
8922
8924
8925
8925
8925
8925
8926
8927
8929
8929
8934
8936
8939
8939
8939
8939
8941
8942
8943
8944
8944
8946
8947
8947
8947
8948
8949
8952
8952
8954
8957
8958
8959
8959
8959
8960
8960
8961
8961
8963
8963
8963
8964
8964
8965
8965
8966
8966
8966
8968
8969
8969
8970
8970
8970
8971
8973
8974
8974
8975
8976
8977
8978
8978
8979
8980
8982
8982
8984
8985
8985
8985
8987
8987
8988
8988
8991
8993
8993
8993
8994
8996
8997
8999
9002
9003
9003
9004
9004
9004
9005
9007
9008
9009
9010
9011
9013
9017
9021
9022
9024
9030
9030
9031
9031
9031
9031
9031
9032
9033
9033
9034
9035
9036
9037
9038
9040
9041
9042
9044
9045
9045
9047
9048
9048
9050
9051
9051
9052
9053
9054
9055
9055
9055
9055
9056
9057
9058
9059
9060
9062
9062
9063
9066
9066
9066
9068
9068
9068
9070
9070
9072
9073
9075
9075
9078
9080
9082
9082
9083
9084
9085
9086
9086
9086
9086
9088
9090
9091
9096
9097
9098
9099
9099
9101
9104
9106
9108
9109
9110
9111
9112
9116
9116
9117
9118
9119
9122
9123
9123
9123
9124
9124
9125
9125
9125
9126
9126
9127
9127
9129
9133
9134
9135
9135
9136
9139
9139
9140
9141
9141
9145
9146
9147
9147
9153
9153
9155
9155
9155
9155
9156
9159
9160
9160
9162
9164
9166
9167
9168
9170
9170
9171
9171
9171
9172
9173
9173
9174
9174
9174
9175
9175
9176
9176
9177
9177
9177
9178
9179
9180
9180
9182
9184
9186
9186
9186
9188
9188
9192
9192
9194
9197
9198
9199
9203
9204
9206
9207
9207
9208
9208
9210
9210
9210
9211
9211
9213
9214
9215
9215
9217
9218
9218
9219
9219
9222
9222
9223
9224
9230
9230
9231
9232
9235
9236
9239
9239
9240
9241
9241
9242
9245
9246
9246
9247
9248
9248
9250
9251
9252
9252
9253
9253
9253
9253
9254
9255
9256
9256
9257
9259
9261
9261
9261
9262
9262
9265
9269
9269
9270
9271
9272
9273
9273
9274
9274
9277
9280
9282
9282
9284
9284
9284
9285
9285
9286
9288
9289
9289
9290
9290
9292
9293
9294
9295
9296
9298
9299
9299
9300
9303
9305
9305
9306
9307
9308
9310
9310
9311
9312
9313
9314
9316
9318
9319
9319
9320
9321
9321
9322
9323
9325
9325
9327
9328
9329
9329
9331
9334
9336
9337
9339
9339
9340
9341
9342
9344
9345
9345
9345
9345
9346
9346
9346
9347
9348
9348
9350
9351
9352
9352
9354
9355
9355
9358
9360
9361
9362
9362
9363
9364
9364
9365
9365
9368
9368
9368
9369
9369
9372
9373
9373
9374
9374
9375
9375
9376
9376
9378
9378
9379
9383
9387
9388
9389
9389
9390
9390
9390
9392
9395
9397
9397
9397
9398
9398
9398
9399
9401
9401
9405
9405
9406
9406
9406
9407
9411
9413
9414
9415
9416
9416
9420
9420
9420
9421
9422
9422
9422
9423
9424
9427
9428
9429
9430
9431
9432
9433
9433
9434
9435
9435
9436
9436
9437
9437
9438
9438
9439
9442
9443
9443
9445
9446
9446
9449
9449
9449
9450
9450
9451
9451
9453
9453
9454
9455
9456
9458
9461
9461
9461
9462
9464
9465
9466
9467
9468
9470
9470
9474
9474
9476
9476
9477
9478
9478
9479
9479
9479
9482
9482
9483
9483
9484
9484
9484
9484
9485
9486
9487
9488
9489
9490
9490
9492
9492
9493
9494
9496
9497
9499
9501
9501
9502
9503
9504
9504
9505
9508
9510
9511
9513
9515
9515
9515
9515
9516
9516
9517
9517
9520
9521
9522
9524
9524
9525
9528
9528
9529
9529
9532
9532
9533
9534
9535
9535
9536
9536
9537
9538
9540
9541
9544
9544
9546
9546
9548
9549
9554
9554
9556
9556
9557
9558
9558
9558
9558
9559
9562
9562
9563
9563
9564
9564
9564
9564
9565
9565
9566
9567
9568
9568
9569
9570
9570
9571
9572
9573
9577
9577
9578
9578
9580
9582
9583
9584
9584
9585
9585
9586
9587
9588
9589
9589
9590
9591
9591
9591
9592
9594
9595
9596
9597
9598
9599
9600
9600
9600
9601
9603
9609
9610
9611
9613
9613
9613
9614
9614
9615
9619
9620
9621
9621
9622
9622
9622
9622
9622
9623
9623
9623
9625
9627
9627
9629
9629
9629
9629
9631
9632
9633
9633
9634
9638
9640
9644
9644
9645
9648
9648
9650
9650
9652
9652
9653
9653
9656
9656
9656
9656
9656
9656
9657
9657
9657
9658
9658
9660
9661
9663
9665
9665
9665
9666
9667
9667
9668
9668
9669
9670
9670
9671
9671
9671
9672
9673
9675
9677
9679
9680
9681
9683
9684
9687
9687
9689
9692
9692
9694
9694
9695
9695
9696
9696
9696
9697
9697
9698
9699
9700
9700
9701
9703
9704
9704
9706
9708
9711
9712
9713
9715
9718
9720
9720
9720
9722
9722
9723
9724
9726
9726
9727
9728
9729
9730
9730
9730
9731
9734
9735
9735
9739
9741
9743
9744
9744
9745
9746
9747
9747
9747
9747
9748
9749
9750
9753
9755
9759
9760
9762
9762
9763
9763
9763
9766
9767
9767
9769
9769
9770
9770
9771
9773
9778
9781
9783
9785
9785
9786
9787
9787
9788
9789
9789
9792
9794
9794
9795
9796
9797
9797
9798
9800
9800
9801
9801
9804
9804
9804
9805
9808
9808
9809
9809
9810
9814
9815
9817
9817
9818
9819
9819
9819
9820
9820
9821
9823
9823
9823
9824
9824
9827
9827
9828
9828
9829
9830
9831
9833
9835
9836
9836
9837
9838
9840
9840
9841
9842
9842
9842
9843
9844
9845
9846
9846
9847
9849
9849
9851
9851
9853
9853
9856
9856
9857
9857
9858
9860
9860
9861
9862
9863
9863
9863
9864
9866
9866
9867
9867
9868
9868
9871
9871
9873
9874
9874
9875
9875
9877
9878
9879
9880
9880
9881
9883
9885
9887
9888
9889
9890
9890
9891
9892
9893
9894
9894
9894
9895
9898
9900
9900
9900
9901
9901
9903
9903
9903
9903
9906
9907
9908
9908
9908
9911
9912
9914
9915
9915
9916
9918
9919
9920
9921
9925
9925
9926
9929
9930
9932
9933
9933
9933
9934
9936
9939
9939
9940
9942
9944
9945
9946
9946
9946
9947
9948
9948
9948
9948
9949
9949
9949
9950
9951
9954
9954
9955
9955
9955
9955
9956
9956
9956
9960
9960
9961
9962
9962
9963
9964
9965
9968
9968
9968
9969
9969
9969
9969
9970
9970
9972
9972
9973
9974
9975
9977
9979
9979
9979
9980
9981
9981
9981
9982
9984
9985
9985
9986
9987
9987
9988
9989
9990
9991
9991
9991
9991
9994
9994
9998
9998
9999
9999
