298,478,2749
90,6991,3877
18,2447,8552
163,7154,7179
84,9517,185
260,7106,2030
49,83,2617
279,4276,5524
102,5257,3170
29,5966,8071
137,2950,886
231,7145,5768
242,1159,773
167,233,4736
53,1812,2869
287,3747,9159
92,5436,3500
56,3715,3467
281,2450,3229
22,4823,4355
35,2646,2356
227,8449,9884
3,534,4110
72,8748,9947
191,5312,1334
283,6658,4388
177,4662,538
113,7868,7456
216,9838,8062
88,5130,4800
287,5401,9336
185,6651,4913
95,8296,8447
189,7961,5102
79,1140,3238
106,5153,736
27,6491,9227
149,214,417
225,5344,5613
248,2586,957
45,536,7707
55,5949,533
112,9954,4799
260,7415,8903
251,8785,8738
294,4779,642
107,7787,4993
22,5671,6043
146,5319,2241
72,8096,4553
22,5700,50
70,8310,5818
216,5633,2878
26,4819,23
179,8628,4131
129,763,1795
4,3548,1155
25,5489,3486
15,5969,9596
45,4413,363
293,1502,2827
110,6620,8522
75,7149,6218
222,1785,7903
196,8582,70
222,8520,2241
44,4198,3936
269,4952,8105
179,8013,5508
142,7229,5479
263,45,3002
128,1416,9365
81,6759,1551
130,5201,7997
266,8602,645
219,9661,1846
290,5313,4947
14,9461,6523
297,8959,9519
29,4428,4161
110,9416,6936
145,3078,2758
233,3810,761
37,6001,2100
237,7688,5105
67,5259,7741
178,3127,3204
281,93,1889
24,4242,3544
188,8326,1423
159,2747,5869
18,3523,6490
14,3230,1365
252,6685,4336
141,373,2823
159,1929,5358
141,5337,9085
271,6430,65
279,7017,5141
32,7304,8981
264,5530,8938
205,9591,1893
86,377,4161
245,5417,565
47,8974,1210
228,6458,9130
87,4645,7576
37,9490,1688
179,6055,581
285,9451,2907
222,6127,4208
240,5246,1599
274,1797,4890
139,6601,8192
206,8749,8710
124,6570,857
201,8120,6216
9,6832,5355
194,94,8941
144,9862,6955
89,9280,2198
46,5417,8000
134,3723,1030
108,6227,5642
53,8013,5000
4,2060,42
280,1901,1765
200,6060,8835
235,6292,3147
1,774,1091
253,1738,9418
3,5236,4437
146,7345,6674
135,2750,1153
226,9819,9737
299,8959,5070
83,3001,3825
1,5564,2269
68,3479,760
69,130,7484
269,9844,6626
147,9687,2310
177,9840,6420
182,2286,4676
267,7277,6713
88,1819,7984
246,2114,1047
105,1149,6234
275,1819,5210
160,5083,9327
136,5607,6741
248,7597,2835
176,9255,9282
277,5429,3979
137,1575,8670
67,3274,3148
180,4217,2584
52,3552,5228
155,2364,1816
159,8453,8042
282,3099,573
75,620,4015
163,1426,4096
220,7453,9233
257,6293,3503
74,1313,2260
152,9994,7147
120,170,3244
122,7336,4260
131,1596,7846
241,7949,5661
59,9111,966
290,1845,5389
69,1466,7901
129,3182,8120
208,2324,327
222,5581,2497
121,6088,1825
31,6493,4912
145,848,9039
152,3298,149
242,9478,9497
33,5560,9072
227,3563,6031
17,3572,2375
287,8071,8613
215,4391,9789
277,2334,794
214,2473,9819
19,799,4730
142,7244,881
92,7816,192
76,5747,4025
94,4869,2293
39,4385,3165
210,344,7378
141,8660,1369
19,6534,5148
224,7227,627
290,1490,407
209,9031,173
98,8563,4419
41,7418,6032
299,280,988
173,5785,7333
8,5281,3520
223,8413,9919
287,9556,3505
152,53,8579
152,7625,5014
235,7895,6282
196,222,5412
25,5559,8033
275,3696,9118
201,3571,7440
39,87,5459
228,5521,3297
260,5371,4433
31,9320,1451
177,6310,2093
119,6833,4798
189,6394,5579
249,7691,2626
210,6691,9470
179,5649,550
113,2551,1043
117,829,7932
119,4046,1561
236,9989,6496
90,186,1862
22,6625,9825
253,7044,2492
131,1090,4234
101,6697,8016
69,3927,8358
3,890,4801
270,3037,4656
63,7385,8965
109,5823,300
267,4219,8034
62,123,3638
63,7766,4554
267,3321,2599
106,6978,8333
230,8730,959
295,3500,9624
131,2394,4784
108,6229,8709
218,8648,5579
87,5637,7834
296,4722,9340
136,6757,7884
131,2579,4243
140,8340,9308
81,8860,3374
262,3189,7877
239,3789,7271
111,1747,6452
161,6230,1158
5,3693,4714
112,3675,6754
209,6551,3050
87,1123,4634
223,858,6786
97,5458,2048
293,8999,1609
291,375,7207
258,7638,8170
223,1129,8387
106,406,3779
98,5292,8154
13,3410,6891
253,1923,4312
148,2348,2248
46,7358,3800
50,41,1627
222,7139,451
57,8635,4543
110,7267,6172
77,984,8735
142,7131,6156
244,8524,6381
219,1770,8389
294,7770,1964
144,8609,5368
83,9070,708
154,4015,3246
186,9334,6617
292,2403,1416
216,5765,1530
261,5075,3913
7,4751,9678
297,3350,215
194,1000,6422
8,2885,250
131,9328,933
