9498,7394,5544
1661,9835,8955
2407,7540,6915
4836,9414,2252
248,9589,2800
4533,7227,3731
5940,7967,2878
7350,8841,1469
1911,7493,8890
1832,7736,8400
5201,8133,1167
1599,7009,7027
2142,8064,8759
8318,8293,403
5086,8967,3951
2409,9412,1521
4711,8400,6753
1486,7167,4570
3980,9883,3497
1736,9499,390
7022,7899,2504
758,9085,1549
2710,9827,1444
2957,9015,1852
9951,8499,8033
4476,8067,689
5504,9923,4608
9249,8529,5275
1783,9056,74
1701,8060,6018
7761,8852,5390
4924,9447,6332
2604,7663,8850
167,7677,7249
5535,7338,4795
327,9697,5280
2806,8440,8967
9974,8500,8190
7774,8396,6019
5397,7126,9407
6236,9510,6262
9027,9818,1238
249,7896,8351
4507,7820,6277
8447,7348,9616
894,9905,9254
5687,8150,5932
275,9082,8982
4867,9389,5428
243,9501,9114
7022,7234,9980
3709,7787,7748
9263,8177,8494
9194,9722,131
5005,8452,605
1903,9281,408
9655,7563,7044
7395,8648,2064
8564,8101,2497
3808,9476,4993
7672,9625,9840
461,9814,6309
3031,9687,5225
6305,7915,910
4565,9900,1756
8419,8310,5386
5960,8384,3839
9316,8039,3685
497,7581,9053
8699,8727,4519
8652,9278,1371
8190,8952,8455
135,9318,9434
1524,8012,748
1140,8806,2006
68,7386,2309
8408,7861,3742
1883,9889,8060
1410,7195,554
6903,7119,5580
7075,7071,2425
188,8955,2929
9226,7279,1221
4863,7704,9270
4945,9668,8080
9597,9857,9963
619,7608,5032
8028,9134,8413
1738,7356,2750
1648,9640,7335
7215,8070,1660
748,9060,4622
5400,8951,1903
9275,7238,5451
6659,7829,5106
8075,9007,8514
785,8487,9722
7524,8063,3878
4560,7827,1434
2972,7649,9467
7194,7302,267
5015,9948,5051
5771,7414,5647
9629,9378,4125
4701,8622,2428
3410,8518,6061
3321,8700,5183
1037,9251,5180
374,8243,8679
8369,8083,4445
3863,9473,4118
7239,8226,8988
815,9246,7735
8983,8108,3413
6171,9892,6090
4792,8309,3759
1044,7103,6224
1577,9396,238
5415,8602,1854
2048,9995,2847
7075,9301,3756
585,8601,9876
5066,8457,241
7194,7820,6022
3931,9332,3274
6959,9602,7004
8250,8488,5877
2052,9747,4691
6945,9747,3236
5547,7837,3818
4229,9173,7132
1349,9293,7663
881,9918,4726
8137,9631,5537
7315,7971,1605
6779,9366,6901
9314,8533,1877
1541,8783,6257
2528,8285,4402
4265,9622,9471
8519,9687,2017
814,7023,6676
9849,8518,6528
2518,7786,6596
2533,8614,7573
932,8786,4908
4919,8048,8100
6273,9819,7677
2623,9968,5986
4456,8617,9114
5336,8296,7193
2735,7616,8724
861,9456,2951
5100,8891,8321
2586,8064,8286
7277,7772,1038
7531,8150,5238
4483,7543,7676
5977,8852,1797
9816,7528,3978
1725,9215,3548
7243,8121,6405
869,7200,3002
4473,9243,9063
3,9406,1086
4008,8655,7496
179,7556,97
5370,8316,3289
9845,7471,5716
5624,8615,7920
3554,8345,8078
5027,8060,3688
3147,8586,4649
8075,9972,956
4144,8987,8136
9220,9158,1458
8223,9501,6601
2539,9209,7866
3202,8418,9318
1358,9913,4479
2047,9325,4077
1966,9101,9838
2524,10000,8960
2826,9562,1690
9105,7772,3505
6353,7289,3754
9867,7119,214
5616,7879,4780
3230,8392,5799
5920,8911,434
2244,7393,9661
5966,9009,1288
8935,9908,1793
2787,8726,5828
9053,7663,6847
660,7239,9916
4128,7100,8063
9348,7770,6858
5245,8932,5596
6055,7319,8585
3463,8592,663
4664,7602,3839
5138,9720,6414
5931,8999,2006
9898,7660,9779
5321,8547,3131
3306,7103,2903
8410,7980,6414
404,9183,7813
4695,9411,9781
5284,8010,2658
1616,8278,9881
3246,7209,5712
6778,7215,3447
9087,7703,7025
4619,9505,1780
1300,9104,9335
8981,9305,8592
9543,8239,8903
3319,7158,8121
7377,8186,5447
2282,9075,724
6030,8767,5224
9603,7755,3861
511,7010,8445
3082,9087,3438
9605,9501,3197
7424,7638,5394
5891,9766,9234
3790,9552,6805
2579,7833,2639
5358,7757,5351
9135,7554,3069
5479,7478,4320
1580,9940,3636
5995,8747,7409
6450,8025,5545
4101,9787,8249
4813,8682,8780
3968,9823,1985
1681,7188,5658
7127,8021,2654
1160,8761,1672
9530,7349,8111
6497,7914,5178
260,8799,4240
8132,9061,8075
3492,7026,9244
5628,9502,3096
5675,9295,2139
2487,7810,3290
657,8187,7597
8097,7706,1336
4699,7685,540
1821,9044,2784
5463,8324,3501
9191,8616,4243
9252,7232,1311
4058,9194,5226
8499,7671,4180
496,7133,2756
5613,9127,1015
3797,9998,4695
5675,9914,9280
2121,7351,4661
7844,9619,1285
2381,7991,3819
496,7494,3260
1532,9338,4279
6812,8697,743
3087,8160,155
5530,9981,4205
4331,9077,6250
4225,9175,2781
1833,9851,3627
6855,7943,5367
7040,7127,5408
7424,8239,3902
5933,8760,761
5455,9364,6273
2041,8055,6685
5114,9432,9290
5762,9899,833
5454,8228,7446
196,9142,2444
9425,9829,2689
8383,8493,1629
1094,7454,1341
3470,7010,8657
2867,8529,1369
2035,8873,3014
4443,8244,5621
7436,7963,494
7328,8369,9964
1071,7323,3274
1504,9502,6787
6087,9140,5659
7723,7112,3527
3223,7001,194
8470,9147,1679
251,9938,534
6063,9418,5694
3418,8253,1879
5867,9230,7849
7410,7525,7023
1345,7007,2229
725,7053,4020
6997,9020,8593
3279,8581,7462
628,9134,8752
4441,7072,8138
2624,7604,5664
4891,8995,8162
340,7524,8753
9012,9259,3954
5370,9169,140
3791,9801,9664
8723,8533,9688
7613,9938,92
5375,8775,7673
3988,7224,3107
1280,9723,762
5368,7821,8932
7292,7506,4764
3537,7922,7373
332,7037,9263
4381,7759,3889
5631,7814,3521
8431,8307,5652
8403,9469,1875
5188,7760,5119
2557,8525,1089
7973,9776,4863
3695,8378,3509
64,9346,9508
9695,8179,3303
7537,9591,607
2290,7119,30
4763,7807,9791
1409,8449,2920
3412,9761,771
9719,7600,4362
947,9043,8887
7588,8408,9821
814,7990,1109
6001,7933,5195
7527,8628,1307
826,8528,5847
2719,8668,7128
8722,9612,5947
3351,9878,882
9600,8113,4504
7235,7315,2645
1409,7376,6221
6182,7003,6520
9640,7827,6007
1588,7655,8890
6031,8684,2022
3510,8133,9927
5956,9132,5391
3837,7297,3347
2474,9227,1077
7540,8092,4527
1209,7408,2068
9482,8776,689
4831,8514,6598
2380,8626,2029
7036,7078,3089
3842,8070,6833
4793,8670,9403
5381,9440,4494
9246,8235,8621
1857,9875,4153
2905,7570,4900
4895,7703,6392
2832,7573,7921
8910,8740,3950
6881,9500,986
4148,7999,8209
5051,8500,4803
7061,7421,4082
2548,7218,8722
9883,9583,1364
5340,9652,2871
5840,7520,308
2725,7367,4528
5407,9035,6493
2585,9620,9533
9927,8465,5420
7302,7316,9585
9671,7144,551
3474,9748,9238
9124,7510,5569
4871,7372,844
1734,8646,3674
7193,7495,6465
3704,8894,8604
9814,8816,4765
7715,8865,3434
6375,8782,597
9081,8829,9432
2210,7515,9102
2669,8245,8478
7963,7646,4413
2816,9652,3015
2401,8667,5947
2763,8163,6411
9301,9962,1566
6918,9084,8758
2266,7381,8807
860,8045,9060
3979,8190,5654
9714,7454,8958
6506,9135,5563
6670,7372,9951
9615,8815,6056
7293,7186,6991
4912,7945,2707
3411,8531,7484
8763,8915,3031
5121,7620,2335
3199,8535,6150
794,7885,3016
6814,9519,4717
100,7427,8882
4868,8338,2092
2389,8828,1134
6677,7059,8664
2898,9045,9001
2373,8449,6526
8129,8165,1408
8141,7133,7346
6737,9037,9181
148,9089,5872
3913,8293,8302
3719,9690,8426
1697,9752,7907
4901,9480,9841
6416,7078,6244
7937,8442,2025
2180,8897,8529
8536,8762,3437
7487,9925,3321
1318,7972,1366
1653,7657,3644
3876,7927,2866
5779,8202,8630
3131,9073,9642
1483,8540,8028
8050,8049,2125
6663,8746,9421
3930,9532,8806
2461,8782,8030
5648,9344,5589
6845,7305,2277
7918,9174,6759
4349,8275,842
8011,8433,6473
3334,9432,2015
2704,7837,2961
7857,7814,5926
5891,8924,2316
3063,7223,2959
3647,8645,9087
2348,8565,4242
4501,7863,2308
9872,8105,3169
4894,7955,9600
7348,8510,8551
1127,9588,3326
6803,9489,5315
3569,8794,5843
9609,9321,3947
1646,8112,2541
6771,7809,6235
4086,9656,2370
5076,8148,1646
2811,7725,7037
6900,8081,5498
8768,7088,7326
7511,9296,4711
1092,9199,8538
5837,8500,9920
4398,8912,8762
5271,7732,850
1114,8947,9872
1505,8327,7086
2068,7333,8578
1984,8123,3199
2509,9524,4506
7991,9653,1761
752,7176,3681
2318,7978,3838
6583,8729,9890
4112,8796,6504
6686,9577,5470
2013,8653,2922
2025,8501,5035
2160,7201,5176
5630,7716,5614
254,7999,9967
391,8136,6325
9000,8246,4661
5793,7977,4729
5457,7953,328
8124,8627,6135
800,7027,5844
6760,9897,784
1225,8589,6079
8583,9074,2460
2939,7691,840
8716,9952,7711
3320,7390,6433
3672,7138,3295
3808,9290,2330
7446,7494,3555
9257,9455,4520
5578,8051,9295
9369,9925,6448
3335,8944,4621
4738,9866,1092
448,7420,1240
4777,8438,2679
8797,8214,5062
2922,9929,1874
1316,7337,6941
1569,9060,1707
3745,7856,2601
5922,8569,961
2245,9213,4731
202,8091,1786
2987,8987,1002
4550,9901,544
8590,7663,2051
6415,9456,3117
3121,9133,5399
2577,7743,8622
8108,7929,4517
177,8260,7599
6536,9197,6169
1572,9612,4007
497,9141,6579
9706,7824,8427
6853,9813,5136
5473,8110,6138
545,7071,8942
3532,9444,8614
2940,7744,5910
719,9752,6573
6040,8765,9752
4636,7992,6649
5911,7625,3694
5484,9938,1216
1765,8259,6291
8598,7204,7831
3890,7113,3343
8799,7708,5253
542,8524,8277
4950,8198,96
8857,8978,8359
9835,7773,602
5829,8009,8569
4634,8468,9315
1452,8512,3451
1256,8975,3010
7963,9977,3371
5744,8178,5306
8270,9831,9336
7021,7532,6103
1720,9014,2036
8474,7317,2106
4470,9794,5449
4297,9446,8213
3699,7119,6829
5063,7187,1543
6722,7702,299
7340,9754,6869
5866,7385,8380
584,9680,8822
6406,8951,1869
9382,8116,4901
2762,8432,3399
4829,7777,9965
8980,9045,8235
1120,8684,2242
794,9055,5320
4744,8119,1068
9565,7455,5226
6277,9361,5764
3649,7619,8136
8715,9925,5162
3557,9765,6505
8547,9317,9896
9491,8735,8030
5988,8081,5386
4688,9891,2041
9903,9795,413
8202,9287,3395
8539,9596,4203
7517,8220,528
8611,9219,530
7370,8946,7703
6335,8558,9650
4396,7654,8704
9213,9275,6368
5034,9165,1089
4976,7879,2969
2020,7327,8422
4386,8551,2779
8749,7298,2834
7271,9818,6031
9772,7039,4487
4539,7607,5482
697,7119,4149
2233,9651,2146
4928,8065,1233
5419,9703,9807
743,8595,8543
2025,8472,4976
6566,7147,6929
4609,7854,5069
8395,7313,590
6499,7039,8771
1819,7796,1113
7681,8948,2679
475,9776,3424
2486,9776,6987
2707,7463,4141
3175,8872,577
5795,7965,7065
185,9722,466
5763,8125,9321
7489,9779,3437
4886,7630,8695
4807,7557,4748
6009,7374,8207
7319,8973,789
2533,7094,5484
2067,9899,1647
6778,7866,5098
2182,7329,5559
8587,7595,763
4465,7347,7563
8313,7021,8542
5904,8716,6185
6594,8273,4381
7181,9474,8196
1992,7691,445
5203,7288,8689
5337,7144,7183
9599,9293,6513
4534,7462,892
1648,7049,5735
3797,9075,4682
22,8720,8053
3391,9433,7173
4796,7725,2136
3591,7876,6459
1046,9128,5448
5349,9781,1173
2567,7347,9761
7593,7148,6243
4038,7326,1204
1267,7247,1542
3695,9728,4154
9322,9159,9710
2612,7391,9958
2766,8235,8733
7169,7684,1935
2403,8696,9369
7198,9063,3222
3941,7520,5915
5972,8203,4229
7171,9827,9737
4122,7921,2052
9039,8005,2030
1122,7241,2064
2249,7692,4066
1216,8292,5785
6848,8280,2084
812,9629,6307
5700,9884,9356
2897,7452,9927
6470,8318,5739
10000,8661,5994
5846,8136,5235
8060,7554,853
5650,9678,6521
8978,8543,5928
5695,7680,6585
5931,8964,6424
1132,7016,3512
2512,7533,5232
56,7049,1713
5473,9534,5594
1172,7081,8917
4195,7399,7600
2473,9347,5881
3459,7150,269
9429,9901,7349
9173,9583,111
1051,9973,582
2702,7359,9188
5626,8304,359
9994,8743,2045
2050,9957,8859
2351,8247,2607
4369,7851,1528
2907,8219,3764
9979,9548,5506
6120,9549,3067
3183,8587,122
4301,9305,4033
3400,9956,4164
4440,7002,2002
320,9905,4017
6657,7808,7348
962,9530,518
9501,7609,7450
1863,7550,8559
498,8204,1149
2214,7449,3618
2298,8826,4742
8390,9989,1308
2897,8413,5597
6763,9861,1786
6006,9810,7464
3152,9229,1881
7041,7920,5866
1522,8671,6015
1211,7435,8033
1735,7989,2882
4894,8025,8318
1074,7401,6220
7557,8361,8241
7846,9763,3204
2022,8232,9450
909,9097,5598
7148,8815,1320
8329,9925,2637
7501,8510,1828
1440,9822,9496
570,9440,6722
1819,8997,4961
568,9812,6704
3175,9174,6433
4651,9941,9010
7866,8619,7104
2352,7900,6945
892,7094,5281
4750,9635,3099
6361,8785,7870
2405,9520,192
1249,7643,7481
9800,8019,6854
4929,8418,4431
4358,8646,7463
712,8552,1988
6605,8458,8742
427,7429,5804
3503,8294,3728
4009,7938,7672
9324,8455,9199
818,7565,6142
1307,7038,6416
2327,8178,6605
3820,8728,9622
3874,7640,8073
7460,8793,8688
7982,8421,7584
5072,7835,3315
6212,7404,4126
7265,9221,5984
8197,9393,5374
2397,8718,1447
2899,7116,2998
8517,9022,8065
6629,9747,1877
7321,9245,9364
1758,8769,8914
7445,9254,2404
4978,7140,2269
5431,9440,6952
4665,9323,2001
460,7729,2841
4999,8486,4129
740,8056,4426
9919,7133,7288
7616,9008,5988
3676,8674,6072
4457,8426,1385
786,7875,3928
2659,9719,5305
8671,9909,69
1655,9164,3904
7137,8238,4394
7015,8421,362
4176,8100,4690
4610,7042,1711
72,9862,513
2051,9829,638
4331,9225,1849
6594,9090,3718
6180,7545,144
433,9340,6604
6458,7557,1247
1176,9732,2686
5223,9611,5121
1606,9448,4652
2416,7537,6461
6048,8458,9043
6110,8663,2494
8238,7019,675
3241,7483,491
818,7774,8332
8416,7437,3126
334,8699,8832
7569,7186,6082
2778,9906,5102
6683,9793,4982
2116,7569,5184
4658,7050,7974
5048,9111,7727
6717,9048,2842
6584,8287,953
6578,8187,7966
1497,7873,4174
1182,8312,5899
6855,8221,567
9038,8573,6060
7566,8597,8714
4171,8590,4315
8249,8659,8793
65,9163,4945
8681,9615,5614
5749,8277,4871
3876,9656,8504
662,8020,7986
7483,8376,3727
2078,9840,3741
6485,8527,7281
7823,8133,8346
4241,9158,5293
6548,8754,1054
9564,9886,8727
6207,7677,4656
9484,7938,9173
411,9107,6998
7921,7445,4810
805,7894,9837
863,7911,7886
5088,8332,5537
1003,8541,2656
519,8214,450
5164,7747,9213
7847,7432,818
6135,8625,4944
7400,9001,7656
1075,7154,282
2304,7664,9945
5042,8944,6168
206,7186,1627
1525,7432,8435
6435,9796,6073
7458,7090,6991
3009,7271,3611
1290,8330,3431
3581,7737,840
3679,7167,7044
2681,7892,9898
316,8866,7944
2098,8046,5755
9044,7029,4694
3632,8188,4292
4312,9591,2057
2097,9992,8740
3498,8747,5767
2920,8533,8297
6971,9868,6353
2449,7423,1800
3090,9996,8979
2721,7106,4891
6771,8738,4272
4338,7223,2535
5694,9125,4663
970,9572,644
82,8926,2017
9691,7370,3914
9931,9028,486
7209,9263,3463
5636,7611,2441
991,9721,2904
3488,7173,1438
1217,7486,217
5319,8363,6118
7639,8725,4569
5062,9204,1182
7166,7407,527
8552,7721,1973
7182,9038,2820
3269,9028,9700
9164,9018,1427
129,8153,9392
6077,9249,1613
6090,9743,1133
275,7162,1349
4077,7120,8798
6937,9428,5213
6266,7079,8999
5651,7489,1768
4896,8032,1632
6131,9165,6741
7934,9253,6681
4580,9069,6844
3199,9451,4250
4164,7885,2185
5856,8399,2662
2120,7183,5519
7160,8915,4957
6076,9462,4823
5232,8222,7275
2315,8380,3280
2652,7211,9222
2471,9843,7363
8918,8406,2696
3809,8087,9252
7464,8015,6214
9061,8231,6129
907,8505,3053
6071,8672,608
875,7192,8483
9083,7929,6296
108,9795,6659
9585,8301,2444
6040,9595,1692
6274,7782,5355
8696,9274,3589
5822,8345,7781
7496,9333,7627
9460,8416,1400
4090,7631,5242
4640,9427,7675
1458,9708,9436
2372,9820,8307
8181,8467,3348
1875,8881,7828
5298,8786,4415
5449,9158,5436
6577,7788,7785
140,9061,8176
5051,7116,4818
4429,7966,1746
1659,7740,6055
3929,9335,7565
6588,8139,65
9734,9581,3729
6806,9010,4781
9290,9945,2119
4028,9865,2965
8148,8720,8
7713,7430,5219
5786,7200,3446
6447,7028,6689
416,8298,4963
286,9725,3160
7548,9620,6269
9708,9455,4807
766,7191,8919
5735,8883,9844
7459,7023,5622
7290,8884,6129
6055,8523,416
4320,8001,1885
6800,7191,5699
1074,7299,757
9106,8542,2602
2754,9762,5793
3569,8437,4269
475,7765,7493
6960,9546,5882
9957,9298,7512
1184,8496,8824
7813,8819,1387
2866,8371,8417
1776,7620,6451
4148,7933,3990
1093,9486,5486
6877,7681,4974
738,9602,8381
3032,8927,727
1765,9525,7693
3224,9686,2808
1701,9540,1292
6952,9507,1223
1246,8562,6961
7720,9977,7044
6418,8159,7964
190,8533,3195
5938,7874,7016
614,9871,1273
6574,8334,2013
2469,7833,3160
3039,7847,609
8264,9271,8609
1556,8251,6873
5354,8976,4900
3169,8797,2544
6712,9861,1489
5325,7163,390
5348,8421,3630
4227,9264,5866
5191,7510,5943
5705,8244,2796
2266,8289,9397
5054,8089,2024
9228,9931,8295
7267,8282,5886
8033,8839,1722
7616,9405,5893
9771,7159,332
321,9137,9707
2097,7971,4103
58,8482,7971
9334,9516,5886
4496,9411,5508
7335,8830,9466
3574,8306,8
5611,9985,9894
1798,9598,8781
7916,7100,300
8591,8870,9560
3349,8647,7511
6852,8313,8679
7382,7427,8669
1443,7663,2572
4608,9581,3405
6357,7282,5279
890,8819,3500
9162,8006,399
5636,9778,7988
1457,7768,9594
8165,8952,469
1602,8741,6857
3118,9475,6816
8224,8619,3174
8848,9542,2775
5205,7517,7702
1483,8102,9599
5250,7027,5004
5557,9630,8164
9599,8431,5466
9623,9417,5517
8318,8632,3097
6268,8984,1005
9027,7294,2656
4216,9250,5378
543,9407,3838
2935,7244,738
2551,7699,563
1795,8872,5728
7189,8797,1650
1730,8188,423
8918,8888,6277
4538,9619,2008
6857,9293,9894
1193,9479,9091
1775,8443,1584
3963,9682,1850
755,7636,5998
751,7381,4815
1966,9282,2840
1102,7960,3446
1060,9375,7806
8841,9297,3037
2971,7794,7119
999,9664,8520
4092,8305,7725
9455,8263,3745
4521,7270,3517
1915,9872,2824
3501,8411,7081
4379,9705,9807
4635,9307,3866
4194,7110,8289
6517,8467,8615
1036,7770,1788
9761,9756,9825
3379,7957,1390
7334,8497,1039
2047,9466,7554
6387,9171,7123
9113,7155,6431
1259,8739,1351
5463,9657,5130
5289,7990,518
4060,7421,6668
4283,8174,9372
5720,7563,72
8473,7212,4849
7887,7691,546
1894,7328,8678
3494,7803,5197
1709,9728,1343
5088,7010,2567
8422,7260,522
7018,9157,8958
8621,8315,9712
1694,7866,2125
2352,9306,513
1137,8250,5357
3729,7519,2321
7228,7690,8748
1983,8722,3131
7126,8327,1428
3977,8834,2685
8510,7787,8963
6623,9925,2957
4819,9819,7823
4933,7347,8665
1818,7973,6467
6494,7067,354
4401,9321,5539
7052,7388,6649
8753,8553,8817
5085,9432,1210
2404,7400,1590
1830,7817,8102
197,9991,3899
4380,8716,6316
2672,8133,6780
5907,7377,5510
282,8181,940
3328,7657,8692
5471,7346,2147
1288,9735,6276
2985,8806,8816
3846,9809,289
8420,9832,5774
3792,7407,639
7406,9390,6310
1396,9915,8910
3731,7795,812
6392,8348,600
7366,8999,6415
535,8162,6375
1944,7165,2770
7243,9664,2983
7257,8887,3418
7647,7978,1468
8621,9491,7592
8582,8611,683
2913,9479,7255
7499,8155,3985
524,8151,5327
6993,7562,3818
6000,7277,6033
7878,7043,8434
7401,8941,4665
8,7075,8898
2591,7039,407
6144,8871,676
9841,7454,5298
7117,8819,6305
6575,7951,2063
8096,7716,6381
7099,7083,7830
7725,9698,6557
4162,8364,3724
1219,9931,7062
1447,9984,5864
197,9433,542
7144,8510,6230
3390,9422,1355
1934,9748,1751
5387,9380,3759
1374,7900,8690
8643,9062,398
5116,7262,7411
1110,9909,9867
7615,9500,3273
9041,9386,7399
2771,8706,7428
3718,9494,7314
6519,8962,5097
380,8666,6577
2827,9326,322
5822,9593,6022
6893,7566,6574
7462,7346,5355
7021,8875,2205
2455,8398,2859
6368,9284,4920
284,9890,3676
9081,9521,5271
6542,9463,3459
5076,9160,117
7190,9123,222
276,8299,4863
9285,9512,8499
4474,8679,696
1189,9757,9454
343,7820,3756
7592,7276,2405
5670,9964,3518
8013,7468,1868
654,8421,3927
5118,9942,5392
386,7022,4542
6396,9641,3038
9240,8329,9967
8586,8708,5800
5991,9241,9830
6397,9398,5635
8652,7782,9059
3597,9687,4633
1131,7077,1528
351,9109,6183
9565,8705,4113
2362,8092,6547
9752,9785,2567
1151,7008,2551
3903,8869,6090
192,8502,611
6461,9335,5937
6632,9429,3988
3615,7149,2542
9896,9185,1099
8542,8638,6302
3166,8073,1014
1557,9212,6417
6551,7120,9016
6183,7340,9706
423,9008,1325
8102,9869,7311
6503,8090,9311
9011,9776,8499
8996,8971,1756
4302,9949,2743
1261,8371,8808
4555,9329,837
1739,8794,562
9839,7935,1893
4573,7355,975
4909,7251,4807
7114,9330,3517
6268,8124,3996
2703,8956,9615
2899,9150,6267
3457,8869,3018
1999,9979,8128
2801,8191,2173
8198,9296,2923
8538,9871,4436
5472,9440,1394
1212,8197,191
5453,7517,4710
3425,8717,7391
1979,9676,6422
4579,7976,212
6497,8134,1409
448,7112,9732
6182,8382,9056
915,9600,6270
2133,8350,6023
1361,7174,1216
7201,7484,3165
7963,7239,4651
7290,7430,3362
5896,9302,6193
7055,7995,749
634,7030,6004
5756,9167,805
9880,8952,7557
1114,9896,4876
201,9924,1729
8213,7286,5662
5871,8448,9997
8406,9638,5941
3888,7900,6990
3619,7606,6024
2097,8003,7057
6326,7750,7011
724,7733,2232
3473,7845,2385
5947,9996,2426
3125,7466,7499
364,7541,5699
8986,7656,1621
9579,8049,457
5677,9795,1553
2123,7073,3560
9417,8085,2715
4465,9399,4315
3372,9356,2167
9063,7325,9434
564,9243,9946
2437,9110,687
6091,9303,2096
2106,8838,9569
8582,7070,9911
2615,9363,3218
2249,7552,6024
2225,9040,6772
1273,10000,9748
3667,8698,7410
667,7244,1989
8634,7764,1563
8994,7121,7181
9946,9524,3123
8244,8412,5164
3025,9488,8341
7971,8346,2045
2919,7354,4348
3300,9382,6363
1259,7427,1836
6707,7026,8812
564,9108,7453
5490,7115,3495
7041,8736,8569
7166,7727,3672
7581,8076,2325
7928,8974,9474
3891,8359,5567
8281,7677,2912
7714,7213,6400
5190,7722,9773
8611,9485,35
3084,9332,8636
7558,7211,6440
5379,9207,8089
7632,8978,4530
5621,7279,491
3869,7283,7442
3821,8224,1474
878,9067,1598
5316,9124,7216
9838,8654,5963
1064,9927,7297
7476,8845,3987
1380,9373,865
5810,9766,7675
746,7777,8637
9930,8415,6377
3337,8784,274
7834,8237,4004
3200,9969,3250
2988,7946,6922
516,7434,3573
7214,8607,4956
301,7354,9027
2049,7740,3963
7932,9971,3033
3917,8898,7038
6279,9408,9433
1070,9365,5911
560,7486,2547
6411,8298,8767
9239,7909,8566
1822,8548,3638
6287,8957,651
3024,9129,2759
6328,8737,7465
5813,8367,868
8796,7813,7564
8488,7373,149
8145,7275,5382
8976,9265,683
2580,7567,807
1880,8373,946
2951,9710,5088
1815,9131,9004
9018,8338,6048
2499,8279,5697
2621,9306,6856
1083,8252,2913
592,9260,5408
7447,7440,4086
9039,7054,6827
9890,9385,7064
7081,9710,7634
6163,9904,6460
692,7613,3478
4047,9668,3296
4171,7921,2674
2091,8866,7397
7020,8608,8057
4944,8250,8363
5570,8714,8419
3022,7113,7657
8245,8609,6210
7089,9827,8464
5074,7266,3175
8883,9538,8762
4505,7369,8223
191,8091,63
1189,7759,5506
8506,8885,2240
2549,9985,2041
4709,7145,178
2712,9564,5364
2749,8692,6975
7529,8200,8563
2444,8643,6881
810,8499,1259
6606,7807,1815
8851,9903,3993
7417,8073,5022
8639,9830,7623
7673,7794,5333
9469,8019,996
610,9081,154
1391,8788,8550
1177,8328,6184
7837,9343,1452
9151,9476,78
6252,8066,8987
7324,8790,6658
2163,7445,8939
1316,9838,2268
4771,9295,4562
198,8007,5366
2507,8710,7668
8839,9949,5900
825,8055,3966
7854,9625,8861
9600,8728,2870
429,9119,7788
6187,9643,8825
5467,9078,3123
6616,8848,2202
9895,9641,7418
5580,7852,4600
1195,7212,2003
3555,7840,3266
1416,8560,3673
1187,8410,9157
9581,9155,4068
2336,9453,3764
7778,8040,9122
4393,9859,2032
306,7321,484
6489,9170,2521
2047,9359,9597
2926,9321,2982
786,8237,1994
770,9447,266
5518,9156,612
2772,9234,5613
6173,7249,419
615,9792,7318
8958,9566,3546
3070,7799,511
8806,7640,6946
2960,9172,4586
5836,7616,5973
1619,7694,1790
8106,9025,7190
5612,8253,7025
1225,8288,9836
4647,9522,8578
8519,8910,7613
5717,8555,6608
2531,8961,190
3868,7856,7248
4610,7865,8140
7524,9108,3599
595,8207,1858
1004,9950,9740
154,9598,3286
3740,7783,4427
132,9656,7225
916,8938,6993
5018,8043,8889
6364,7441,5324
4968,8562,2181
5308,9598,5420
1775,8412,8870
9808,7139,3103
5966,8034,1867
3882,8810,9267
6344,7538,6763
9968,8034,1231
535,9025,5428
7674,8505,8820
8206,9565,8356
1543,8055,2751
3002,9380,304
38,9712,9406
3606,7876,6394
920,8024,7369
6064,9970,7438
2857,7792,4580
1468,8874,7696
9630,7522,2409
990,7772,3758
5217,9462,6708
8,7260,262
8604,9213,9715
5063,8200,2952
2482,9447,9507
8897,7517,9367
3257,9159,464
9553,8767,1430
9350,7195,5073
8577,9831,8596
2276,8373,4735
5618,9084,3988
8804,8501,3967
144,9777,4740
2753,9741,4081
7859,9597,4041
2631,7589,2107
21,8634,4898
215,7353,9985
1856,9944,6772
3755,8054,3999
4126,7662,5370
220,8584,2397
2312,9057,3520
2583,9037,2635
5125,8145,397
9998,7078,3156
8797,7809,3405
5387,7102,1539
6804,7385,9568
414,8074,7444
3041,7090,9868
2351,7403,5270
5422,7439,4869
6573,8109,332
9446,9005,839
8128,9677,9434
8208,9971,7721
3,7984,781
2896,9304,603
4811,8065,6761
2061,7739,7048
6689,8261,1087
8532,9687,8683
4999,8644,4897
9526,9810,6871
4636,9566,2346
2932,7995,3748
7418,7807,5979
8436,7305,1992
516,8793,8524
6620,9392,7206
3450,9384,3544
6137,7181,8644
7216,7483,8298
8906,9881,1426
3476,8130,5850
8332,8152,1241
7455,7221,9336
1324,9256,5882
240,7917,4678
8686,7106,8755
2232,8660,4982
851,9091,2045
826,7732,3552
8945,7020,8695
61,7014,8858
9820,9646,6599
634,8729,2020
4262,9062,5840
2933,9521,4255
4671,9490,7593
8360,9491,2889
1339,9978,7470
6528,8858,8535
2138,8951,4981
1689,8142,6253
1454,7025,2947
4897,8855,9190
8943,8620,9756
2386,7069,2178
1341,8501,2594
1679,8418,1353
5845,7058,5367
5055,8898,1326
3407,9298,5336
4891,9613,2399
9077,9758,3480
7325,7486,2435
745,9422,4316
6791,8304,7890
3128,8854,6997
6211,8276,9432
5970,8907,1567
8654,9163,6359
1853,7127,3044
6284,7106,2229
1721,8123,6742
6747,7641,1887
8709,9938,5812
6686,7477,8574
2826,9817,8594
1113,8464,8936
4525,7877,7635
8728,8154,832
8256,9592,1263
2692,8311,5520
429,9002,8022
336,8491,2612
1613,7911,2323
3709,7230,6414
6391,7824,5231
3823,8730,7519
6681,8237,3778
8504,8641,9225
9258,7679,7622
6117,8749,7997
9476,8860,5082
1576,7086,2980
3767,8087,1711
6019,9529,4370
5730,7090,1166
4814,9362,2482
113,9103,1931
3330,9963,1610
4502,9689,7682
1114,9171,1680
5593,8049,2913
4050,7046,2322
4478,7625,2717
2369,7504,6277
9764,9075,2405
6332,7676,8290
3195,8355,3027
29,7893,5463
6681,7537,2827
58,7825,5111
4335,9150,1385
7434,8570,7017
1337,9633,7483
575,9728,4012
3048,9107,2231
3440,7636,2295
4867,8349,6214
2222,9317,4749
7886,9982,584
4572,9920,4204
7988,7163,3049
4626,8809,7620
1178,9275,3695
4904,7287,5449
1449,8493,4446
475,8936,9320
5270,9794,2046
2939,7643,6496
4579,8677,6191
8460,7755,9287
7917,8993,3292
5255,8619,706
1171,7050,8714
5399,8168,3249
1791,9483,7630
4526,9269,9895
8492,8315,222
9117,7045,9156
8164,7997,1509
9629,9071,4500
5412,9169,5716
2953,7690,7017
6712,8050,2811
9813,7132,7916
5674,9934,3669
3627,9895,8889
2511,8156,9750
6729,9231,4849
7507,8886,513
2558,8194,6685
1967,9809,831
3715,9293,3692
5039,7362,3794
5932,9217,7112
4353,9386,7073
1797,9427,9996
1756,7922,6462
9011,7408,8175
3258,8675,2483
3860,9827,793
2652,9195,7442
9177,9890,2117
1507,7480,3962
9482,7673,7146
2955,7044,7724
6727,9908,2512
6958,9146,5381
4807,9737,1591
1950,7642,8859
2792,9862,5964
6352,7009,4317
7676,9933,1609
9668,9577,4761
4129,9220,9578
9490,9462,445
4347,9957,3731
1609,7804,4808
965,8836,1351
5931,7812,4058
8639,8270,1246
6013,9258,115
1012,7749,6609
7045,9503,3150
5951,7505,2349
8496,8907,5490
2254,7152,1466
5470,9640,6233
4474,9947,510
1502,8841,6700
9560,9792,9208
1391,8723,6984
5220,7611,661
5606,8974,9396
5495,9616,9283
2908,9273,9823
9014,9462,204
4060,7705,1905
6177,7458,1397
7306,8094,1413
4823,7200,7374
2008,8691,6032
8996,7608,8746
6167,9187,3680
6641,9780,789
1588,9844,9840
1965,8365,3221
8149,9779,4255
7173,7167,946
3312,8220,2395
8298,7952,804
8485,9053,9340
641,7836,6575
6892,7759,9436
1291,9079,2923
1123,9463,4598
8879,7510,1398
126,9658,6462
4534,9174,1561
2611,9350,1637
2424,7446,816
9906,9495,7717
4322,9982,2733
302,8534,8296
905,7218,6887
9791,8296,8918
3887,8715,5660
248,8550,9948
6914,8446,9002
3284,9215,2009
2977,8117,3263
2673,7462,5874
5688,8083,3949
9485,9230,5520
2706,9365,8077
5627,7660,1018
5178,9163,2011
1277,7153,8811
8021,9596,113
9042,8857,3924
7974,9524,2478
9404,9550,5818
7324,9047,4198
7804,7205,5266
8233,7179,5678
1938,9280,1583
6538,9936,1306
9944,9368,7957
592,9073,5189
2749,8635,5153
2294,9758,6602
2995,8169,737
5769,9818,9827
7737,9784,7689
1471,7857,3852
9521,8268,3248
5448,7014,8189
9909,7222,474
1904,9497,4714
4026,7365,8023
830,9795,3266
9065,7115,9319
8966,7524,733
464,7795,860
3418,7967,3880
5756,9370,3341
1734,9213,4756
7387,9568,9006
6352,8662,1649
1519,9849,3978
1736,7705,84
8490,7503,4348
9008,7580,9403
7129,8020,1369
7832,7178,5691
9058,7044,2805
7289,8472,9722
4499,8503,861
3852,7064,5263
3916,9575,8669
7403,8578,905
5582,8406,8492
3900,8574,5543
7908,7642,1780
6112,9705,2358
4838,7365,1697
3498,7854,1259
2147,9540,3549
9375,7328,176
2139,8845,4697
503,7507,9102
782,8929,2013
2636,7036,7463
1479,8076,68
8642,9633,7154
9443,8027,8221
3716,8944,2856
9603,7879,1249
1091,8036,5284
7792,7528,9099
7367,7931,5291
1087,9401,415
9226,7874,5988
2525,7907,8256
5427,7911,4388
5719,7799,5789
7702,7683,5383
6104,8278,4032
494,9501,9165
5608,7916,1812
6887,9564,189
4453,7897,6903
5319,7361,7102
4093,7585,858
745,7267,1875
4047,7242,817
8623,8894,5279
841,7792,1293
4413,9775,4130
4894,9574,9122
9091,8198,3526
5643,8866,3592
5903,9371,4379
8421,9944,4906
7570,9936,8397
3998,9454,2141
8218,8869,4980
8283,7812,4045
2950,8494,2811
6924,8197,5329
8151,7223,5336
3240,9592,544
2911,7609,2880
7383,7732,5401
6618,7249,47
3142,7209,6111
6584,8319,451
2009,9637,433
4425,8323,533
331,9103,4144
3838,9341,1154
7368,7161,6881
9360,7176,3062
8717,7817,6858
4625,8656,7505
7032,7468,1105
8506,9872,8384
8705,9542,4818
9225,8301,6888
426,9482,4372
460,7701,9529
34,9804,5955
6830,7590,3561
1712,7003,3007
7409,8409,6387
1595,7608,23
4776,9629,8359
7447,8997,6842
1837,7552,8904
9454,7382,7069
9353,7468,7663
4266,8984,6333
694,9853,1002
4552,8829,7951
4911,7535,7727
6669,9952,534
6242,8553,7967
4225,9496,1743
8779,9411,1308
6060,9397,239
350,9918,1333
14,8771,5892
1231,9715,5442
3301,8169,235
8750,7517,5624
7323,8623,1812
4127,9329,8564
9499,7627,6090
6131,9268,2202
358,7697,9600
8912,8665,6291
9341,7669,2728
9674,7129,9082
4762,7506,399
3303,7393,6371
3962,8463,3238
8541,7510,3864
3665,9908,8968
3735,9250,5327
1805,7058,6973
2043,7936,4528
6286,7118,5952
7856,7119,2976
4191,9533,298
4839,9052,9461
9020,9561,2944
5874,8696,6071
8042,7515,4081
6330,7438,1960
3728,8294,5464
7267,7900,6601
8638,7076,7618
642,9081,5199
4338,7343,952
6145,9329,5733
8139,9110,810
1373,8047,8366
8723,9961,5192
1784,9425,3805
1134,7067,8335
856,8551,2663
3726,7289,2579
3263,9061,4325
7297,7601,6130
2080,9730,9417
4487,7025,7981
5717,9331,6759
9331,9091,6621
797,7510,3210
9788,8218,4520
4830,7932,6090
3312,8593,8820
3470,9402,8022
8990,9998,9174
2351,7126,4598
7431,8407,2089
7260,7306,3339
173,9037,4442
5575,7942,4768
8801,9189,3098
4853,9526,2919
3440,9207,3742
8280,7916,4392
6698,7360,1254
5289,9351,1063
6759,7680,5417
4026,9503,6451
5472,7810,5098
5526,8208,333
204,8512,2145
9929,8816,3917
4947,9147,1930
7510,7293,6899
8573,8920,6322
5212,7996,6078
4388,8664,1637
2440,7887,5873
3097,8555,8717
4194,7892,1872
7491,9433,6757
9482,9737,363
2514,8833,4567
7267,9951,2997
4094,8760,6335
3116,8904,2933
7903,7552,9832
4159,7798,6701
1146,9755,7170
3327,9004,1777
2780,7939,8485
5958,8164,3559
4637,7412,1973
9007,7123,3129
4275,8319,4894
1434,8866,4771
2015,7454,1902
9594,9299,3026
8503,8466,4321
4284,8173,7377
401,8129,8391
4691,7724,6842
9241,7877,6445
9741,7430,2023
1384,7421,4794
9622,8767,6285
711,8969,487
2392,9183,3157
2069,7508,7395
8468,7712,4556
4165,7812,3643
1511,8315,3421
1630,8264,5516
1328,8859,2397
7232,8934,6327
1484,9577,558
230,9659,3745
7039,8300,6847
1247,8372,2432
5301,7124,3032
551,7831,5366
8081,8724,1044
1190,7499,694
5656,7020,4799
2600,7707,7562
8847,7244,2619
163,9023,4714
3804,7042,4468
8826,9066,966
5038,9213,4568
2574,8940,1541
6624,8193,8450
4645,8221,2980
783,8693,5379
3095,7643,9486
2369,7484,3645
7951,9349,242
9032,9228,9834
297,7848,6278
7414,8464,790
8420,9675,5299
581,9550,8476
7102,7600,7103
4082,8623,1185
4923,9403,3570
2329,7003,9776
4517,7629,4645
1066,7616,6513
4492,9551,4749
5901,7629,4565
7714,9451,8104
5924,8968,2872
2138,8110,2843
7732,8463,2898
7512,7802,8777
1219,8759,118
3516,9350,8062
4189,9726,3341
8624,8836,697
9547,8416,4797
8798,9151,2128
8998,7980,2680
6560,8415,1515
5232,8286,5250
8538,7797,8280
5815,9443,8886
561,9605,7341
2140,9705,6464
8830,7263,1840
7284,8189,9753
8728,9963,9687
4083,7489,2558
848,7687,7753
3398,9705,2577
4949,8771,6843
2370,8134,3335
3859,7273,9832
5858,8476,551
402,9214,3052
5948,7477,1194
9365,9026,2035
3759,7280,7535
7694,8143,2985
5012,9784,3730
1594,8147,6373
1125,7493,9750
8490,8957,6468
9461,8630,5329
8775,9668,4640
6734,9710,1930
519,7429,2443
6552,7345,54
4617,9617,4467
7519,7363,3682
9808,8547,7764
2140,7794,1272
7938,7416,7249
261,9431,3744
366,9692,2932
3808,8258,3526
7138,8428,3017
6864,9561,8754
2521,9189,1330
8356,9408,6943
3354,7330,810
4125,8944,2246
6773,8304,2457
7471,8170,8598
9392,7649,9459
47,8461,1818
6192,7724,1733
8183,9800,1953
7477,7189,6963
6745,8292,7375
4147,7967,6826
4713,8627,682
6997,9810,783
8763,9273,6877
334,9358,5779
6554,8425,8403
2501,7453,2723
6835,9022,6363
4335,7091,1393
1318,8397,1648
9959,7096,3707
8530,9148,3019
8237,8840,9408
5565,9924,2861
5109,7707,4809
7972,9178,7083
6221,7602,4864
7167,8814,1740
1635,7772,5516
6632,9563,420
1099,7257,8830
1326,8756,7245
2893,9978,20
8595,7962,890
7314,7605,914
7779,9270,1861
1013,7325,4493
6560,9485,4493
5829,7613,2690
5304,8022,7734
7183,7145,3909
3306,9646,1772
9897,9558,876
6019,9181,6759
6561,7834,7030
1631,8046,4612
252,8676,7343
4740,7694,672
7490,8056,7661
228,7280,2631
1564,9281,8535
4483,9895,8406
1569,9854,5803
8911,9467,9417
1409,8353,6152
7167,9593,1160
1920,9422,5974
7240,7507,9544
7830,8312,2434
163,7545,1856
1552,8838,4397
3187,9017,9751
2975,8172,9288
3956,9798,5331
1623,8673,348
4297,7039,8313
8982,8265,7935
9550,9166,9448
9356,8897,4351
7515,9997,206
8203,7197,3640
6210,8441,7593
9659,8508,4356
7407,9764,8828
4077,8271,7856
9581,7056,1968
114,9071,9161
8342,9647,5879
7871,7209,8573
651,7209,6433
1982,8615,6016
7196,9137,7495
3885,8859,8141
9709,8183,7077
5277,8097,2664
2206,9757,7635
1521,7270,1854
4977,8131,683
6466,9272,9310
3301,8104,6913
4616,8460,6911
5848,9770,154
3482,8018,4518
8272,7135,3749
590,9170,8863
9808,8421,1045
4222,7019,6262
2424,8239,7222
8147,9649,8230
2331,8749,6996
6687,7341,2966
6036,9858,7039
3834,9437,408
1841,7911,1313
5349,9695,1715
2196,8338,3376
9531,8761,6784
6743,8770,8216
3719,7416,2602
7054,7148,4047
4948,9964,4997
1355,8867,1961
3168,9263,5575
5364,8478,8982
6898,7828,252
6221,7312,6306
2134,8565,9192
8813,8839,3592
7934,7392,1037
1000,9671,5044
7002,8852,5231
2097,8068,6560
8796,9449,8545
7708,8688,448
3346,8357,236
7475,8116,9674
2187,9104,6928
1698,7384,7933
5610,9608,2655
7983,8456,7415
498,9647,3696
3575,9986,5481
9763,8041,5995
3097,9652,5068
9272,9599,7701
8948,8725,9350
2692,8385,9912
827,8485,3827
2864,9748,6400
1090,8872,8642
4733,7873,7093
3674,9598,4217
9891,7535,6585
965,8797,4765
800,9771,1378
6448,7164,6529
3435,7391,1492
1988,9396,839
9296,7907,9198
8049,9067,515
8539,8699,4944
3067,9600,6471
3461,8472,4874
8021,8009,7112
7072,9463,4143
1962,8284,5373
8959,7431,6632
9199,8288,9356
4416,7981,7864
1865,9690,9199
5402,7952,4747
6727,8814,7009
9702,9230,8447
5100,7048,9747
7361,8910,9031
7910,9591,9617
7607,8702,4537
3241,7592,2989
9909,9616,6141
700,9823,3714
5500,9192,9707
9681,9360,9501
9376,9354,2451
394,7553,4833
8865,9950,2162
4794,9834,922
3074,8729,8476
5744,9679,4451
939,9598,7604
5377,7839,6640
7860,8553,495
6625,9163,7237
1079,8428,6552
250,8186,4994
897,7079,5690
7436,7548,5001
2128,8312,5121
2372,8701,3593
9998,9702,728
5905,9061,5218
1540,8708,7214
237,8711,2197
5415,9702,4950
8112,8632,9763
7901,9430,4164
8598,9800,6952
8192,7012,5841
6812,7859,4280
6995,9890,3449
3021,7385,2644
3578,8686,3403
4477,8873,2230
9229,7851,6265
4008,8517,1738
6964,8545,4804
7482,8810,8039
4280,9196,1781
2289,8502,5469
9977,8531,5426
6911,8113,1953
8167,9021,5030
9964,7138,4280
1210,9024,1142
9817,7279,2658
9187,9522,8595
1478,7366,4730
2575,8737,1127
2179,8632,2314
2219,7211,8939
2278,7609,8853
7292,8167,3190
9033,8637,5472
9980,8138,261
1894,7337,4865
2065,8101,8472
8440,9804,9057
3052,9865,7382
8038,8135,3520
4880,7793,6179
6175,9138,5331
2815,8645,6204
3121,8000,6521
5349,8770,3826
636,7856,459
5437,9909,5521
3456,8688,6085
9808,9776,4815
1908,8969,6765
2390,8960,2724
3393,8145,9997
3095,9972,3926
8615,7768,1509
4393,8976,9218
9734,7181,6593
4432,7713,3736
9906,8781,1039
6820,7078,4429
161,7973,4251
5243,9140,6123
8285,9697,3398
2,9310,7776
1356,8084,4539
7382,9469,9005
5339,7882,3018
7317,8118,6201
6536,9685,877
3993,9265,541
4216,7291,4518
7887,9175,4554
5908,7700,6477
4155,10000,5551
8075,7647,7240
786,8291,2981
2053,7615,3797
1721,8444,3294
3854,8559,3073
8620,7936,8613
4610,8435,4777
9643,7183,4409
3533,8003,4588
9567,8233,5662
5428,7402,1200
1205,9126,5630
7053,7288,3758
6402,7363,8985
1000,8294,324
2224,8429,5147
8474,7249,6996
5400,7300,865
3585,8418,9674
231,7385,5719
7910,8085,7122
2968,8256,7215
2928,8773,3050
1596,8078,4100
2941,7333,3515
3234,8260,9547
8940,8196,1992
133,8859,3633
5578,9638,2396
5266,9150,5714
8175,8411,5898
4860,9126,7846
2313,9519,2567
7384,8626,2039
2267,7230,8601
9209,9949,5391
6483,8032,51
5963,8262,9440
4765,8174,8936
1852,8469,5852
6593,9791,4548
7488,9933,3948
9633,8761,7701
132,8845,8260
3093,9333,5647
7616,7434,1706
3736,9409,7353
5468,9466,2526
6968,8324,9128
4601,9949,9618
9638,8453,8292
4511,7933,4308
4809,8389,314
7077,8331,2049
8155,9025,3944
2470,9802,9884
3520,9150,3209
581,9474,9715
9740,9290,4439
6468,9843,9242
8955,7619,7363
4129,7232,60
2433,8472,891
8752,9944,7154
5508,8929,2052
5658,9257,6419
6979,8212,8750
4467,8030,5373
1571,8961,3082
4915,9212,6566
2135,9176,6138
4175,8439,2407
2913,9168,4449
6827,7678,8984
4452,7457,8409
8364,7673,7365
1547,9074,8844
2452,7638,2322
6092,7826,4370
7901,8145,7514
980,9868,3723
2113,8283,6297
3902,8264,3398
352,7879,4990
9573,9032,9160
5637,7618,9226
5622,7287,5475
5977,9892,8968
408,8354,8587
3727,9744,2586
555,7454,5350
6795,9294,5425
1578,9719,8313
6125,8903,7819
4108,8374,2118
8208,9053,917
7350,7525,8260
8258,9920,1346
7884,9329,7024
4237,9865,3437
5442,7729,9046
438,9573,4262
2336,7438,4097
1489,7538,1335
6947,7511,763
4506,8265,3483
6769,8361,4805
7991,8345,6361
1268,7409,2006
5951,9079,4442
409,7079,8112
6090,9672,8473
1852,7404,2136
512,7531,8019
7563,7265,6215
2389,9211,3043
6139,8307,6182
7067,8272,1796
829,8576,3135
1893,8034,6793
8792,7920,4413
3595,8599,6634
8430,7701,135
7779,8565,2810
3725,8374,6790
2766,7113,796
3938,7154,4370
6552,7871,5147
3039,7198,4011
9316,8829,617
3390,9820,2669
990,8114,937
6733,9280,893
1977,9038,465
1681,8250,6980
2094,8645,5586
2679,9600,6476
6844,7873,2723
883,9649,8203
2190,8730,4767
2716,9684,928
9630,7108,7572
1472,7003,3367
7156,8757,45
8857,9930,3681
9108,9160,8977
9637,7113,811
5516,7866,1706
6071,8084,3156
1051,7413,9375
7727,9914,2725
381,9838,6987
7989,9909,6482
9280,9160,9194
975,7417,8783
4451,9364,2464
345,9384,6665
1631,9204,7786
5218,7035,6632
1443,7878,9664
847,8442,8661
8229,8930,5596
1346,9397,4556
9087,9215,8115
5312,8192,2135
3615,8107,3831
1047,7187,3786
8081,9320,5404
2478,9012,5557
7810,9386,2867
8333,8025,988
2713,9602,6989
5857,7823,6772
36,7984,2602
8476,8353,7309
7342,7695,7118
7153,7154,6969
8979,9215,9731
6484,7193,8519
5021,8387,3639
3266,7560,4115
311,8067,7510
9930,9150,536
4751,9312,1800
3663,7658,3817
1983,7555,1550
9404,7069,4885
797,9656,7845
6802,9868,6451
512,8285,9247
7811,9636,3168
1653,9235,1205
8510,8239,6486
6416,8973,9717
5349,7535,746
9430,8120,4572
9587,9290,5410
9162,9569,9209
8839,8694,1696
874,8849,9476
4587,7551,8713
1945,7304,3856
6749,7196,1454
7597,9304,7542
8999,7289,7117
374,7826,3539
3937,9008,2296
4754,8262,6680
6312,7848,5485
9523,8239,7783
3549,7767,5464
5681,7890,4938
8666,8636,330
4895,7976,8183
1868,7533,9854
8743,7046,9261
1422,7468,8720
9705,9277,1661
5930,9035,3085
5122,8776,4961
910,9650,8798
6755,7082,5240
4995,7700,5402
2779,7548,3191
2022,9413,5262
7448,7759,2595
6498,9244,4301
1480,7811,4567
2809,7496,6122
9701,8375,2781
8007,7092,8541
1043,9805,3462
1116,9698,5920
6847,7773,1518
6356,8796,4425
7166,8536,9826
4614,7999,9316
6906,7433,8128
6803,8038,6014
1663,8059,6862
215,8063,5411
4080,7467,5033
6239,8508,3739
1676,7581,6163
962,8208,3860
9742,9285,5318
9919,8134,2426
8740,8980,6048
6881,9753,9899
2522,7300,881
4288,9225,6975
8158,8061,694
8942,7564,5327
6717,8493,8445
1236,9534,2939
6155,7295,2056
5055,9667,9638
1981,7536,1983
7739,7884,5468
6716,9346,8813
2474,7857,3565
7341,8943,5159
6272,7402,6508
4996,8706,8581
5424,9355,625
3628,9164,8837
4337,9817,7753
7686,9763,9804
2198,8684,7758
3357,7023,4877
7014,9667,4962
6524,8090,5271
7439,8665,3432
8707,8162,7993
5878,8981,187
9123,9142,5389
5714,7520,8234
3416,9818,3332
7667,8363,2051
3965,8805,141
3355,9696,2422
5577,9863,6407
3131,8870,3443
8723,7848,9474
4049,7097,7219
575,7523,6781
1585,8126,1880
9444,9808,6296
3579,9622,6800
6150,7795,6139
1649,9567,6770
2500,8437,9969
9603,9833,2677
4426,8738,7118
1026,7260,2131
4770,8648,9964
2166,8424,6478
7169,7532,7953
4572,8777,1628
7727,8573,7526
4540,9419,3379
5002,7311,3898
474,9345,9334
9228,9625,2501
4609,9627,3686
149,8289,1435
4578,8281,7714
8416,9293,3727
3334,7290,9044
5487,9403,364
4924,9314,3676
2398,7478,9378
2190,7422,9456
8185,8300,8273
4583,9879,5800
3472,7225,5264
8070,9032,9234
8498,8067,8725
7129,9516,3464
7939,9783,2551
791,7410,8494
485,7586,2406
5693,7607,1744
6815,8383,527
2409,8979,2332
9547,8864,3324
504,9020,7922
1370,7488,8886
5802,7433,5541
4673,8421,7582
663,7887,9775
7347,8413,1294
2656,7647,1408
5326,9971,1499
8003,8107,6283
1594,9560,6897
2308,9549,2856
3463,9950,9009
9691,7111,9446
6706,7244,4190
2536,9855,2084
3409,7037,16
9320,8438,7717
5076,9976,9321
1902,9805,1707
5926,8366,3804
1121,8824,6330
8542,9681,8880
7436,9190,7022
154,7666,5942
9409,9460,4086
9998,9268,9155
1895,9274,8540
2021,9034,176
5540,8753,8485
3,9901,4977
9368,9511,5083
9805,7095,7263
9213,9861,6710
8136,7391,5585
6323,9065,7647
9565,7101,9761
7720,7603,6066
7888,8775,7823
9938,7854,6235
3028,9454,128
4824,8754,7795
3501,9317,6193
3893,7379,7495
5152,9301,7680
3436,7445,1904
6070,7469,9985
5703,8465,4983
6464,7673,370
5610,9400,585
3524,8337,2857
3387,9526,6200
222,8763,6429
1396,8426,2078
3977,8458,2600
1629,8737,6613
88,8809,523
4376,7967,951
2465,9820,465
1099,7408,1467
6685,8330,3412
7376,9362,1096
2357,8259,4475
4387,8190,7544
8716,7928,3284
364,9590,6962
9716,9607,7
7107,8342,4387
1230,8683,5539
9981,9390,4731
4043,9898,8451
2566,8793,1826
7083,9609,2317
9275,9054,8597
2626,7175,2441
5697,9449,60
9925,8946,7650
2795,8404,612
847,9369,9959
4901,9733,2068
2524,7261,2827
1061,8577,7211
1197,8164,1463
1838,7582,1747
512,7483,1492
2115,7275,4386
4921,7828,3203
7192,8496,3761
1804,8596,4360
5811,7960,2357
509,7653,6548
434,7513,6528
9429,7965,9059
3716,8032,6376
4109,9390,1801
7176,7022,4574
3087,7858,9557
6921,9221,4646
770,7365,757
8533,8513,9058
2595,9404,259
147,8105,5355
7762,7506,7757
5869,9766,4318
9905,8481,4525
6190,9355,3948
522,7087,9166
5401,7273,6856
328,9461,9358
7545,9389,4799
1261,7745,2682
7069,9529,1073
3384,9556,2473
1036,9202,6202
726,7058,793
6716,9481,1014
494,7513,659
7997,8122,5624
4153,9710,8945
2308,9024,5633
1710,9985,3158
5651,9003,4221
7783,7309,3705
384,8846,9613
5831,7389,4716
7561,8501,3907
4744,7410,6179
5661,9224,9633
5229,9004,5054
3195,9485,7085
5148,9577,4365
9606,9368,9073
5294,7278,3255
9438,9945,5423
7842,7062,8184
3209,7028,3379
6581,7279,6681
9636,7193,355
4941,7468,6999
9156,7455,706
318,8676,5495
7467,7260,8108
9376,9465,3325
8438,8802,3471
6253,8262,1465
8326,8897,4969
3672,8157,7926
7051,9714,6746
2579,9760,5622
7368,7415,128
2790,8190,2086
4783,8365,5717
6737,7032,4580
1136,8018,2343
6761,8856,3284
2347,8008,3001
9219,9545,951
5382,7495,1047
7271,8360,2966
3034,8176,2617
9734,7087,5194
65,8980,9525
4024,7592,1164
4489,9960,1570
3924,7767,1542
4460,8907,665
5753,9731,8260
6541,7529,1842
4304,7463,2071
1057,9375,9316
2460,9145,811
3379,9587,4943
8800,7937,8447
2618,7655,6502
8411,7744,6735
3202,9232,9137
3954,7242,2228
5862,7332,8999
6648,7720,7207
6035,8727,3833
7225,9641,257
9689,9940,8213
3664,7431,9865
1902,9058,8897
9997,9654,1765
9314,7612,5079
253,7012,4631
3213,9123,2100
715,8721,6131
5773,8369,5968
3134,9814,8694
3322,8257,3644
2262,7716,3340
644,9716,1028
3900,9747,181
8407,7176,6208
2524,9811,1463
4222,7411,6316
4863,9180,8535
9651,9006,5647
6682,7899,73
6763,9434,5898
4845,8183,3461
1408,9775,6263
5278,7861,5756
6347,7022,1059
36,8379,4819
1356,8266,1675
1072,9975,4754
3368,8665,5757
1201,7221,6037
8808,9412,4793
9031,8910,8763
9587,8141,4085
7877,7207,5107
8790,9814,6493
757,8679,6325
2197,9259,1967
7269,9908,7894
3926,7101,9368
8326,7402,3177
3320,9058,7606
4427,7718,2071
5446,8200,1982
3272,9255,8286
7705,9179,8169
4300,9372,5742
3353,8094,5685
3022,9376,1518
1585,9185,8731
8936,8267,7005
1942,9385,1521
5357,7704,1794
3029,9763,4504
9046,9426,7387
240,7738,1533
6387,7632,5163
9100,7508,105
3664,9404,3510
2614,7771,9820
6412,8445,8878
2125,9669,518
5873,9571,7671
1820,8769,2075
7618,8036,3684
9175,9722,8657
7938,8998,5190
3266,8418,4003
9429,8953,1259
1951,8038,1036
9781,8235,7572
9690,9913,7558
6543,7948,5602
6173,7249,6399
4005,9866,4393
342,8553,1759
2754,7791,3892
4342,9216,6601
4729,9242,8311
4410,9444,2360
516,9161,1939
4765,7252,4235
2080,9746,8361
232,9744,4651
5662,8631,8088
575,9733,6571
624,9556,3097
6465,7538,6492
4152,8396,1118
8586,7040,495
4523,7028,550
761,8945,5779
2057,7052,5295
798,7505,2104
8706,9674,5882
4832,9362,7337
5723,7671,8447
5387,8699,1344
1288,7852,9504
2059,7914,5541
9024,7993,5551
7692,7312,8842
7913,8793,4695
8157,7988,1519
996,9121,1096
6394,9889,3451
2098,9629,7677
5428,9876,1621
4139,7802,6958
2917,7882,473
5881,7185,5298
8794,7981,8576
6948,9175,2809
7020,9723,4624
4935,9925,8627
5690,9814,2998
5736,9302,8408
1424,9500,3985
1928,8944,6754
3616,7160,3372
2292,8625,4971
7646,8195,5966
4523,8083,8905
7463,9364,1156
1390,8747,9379
4644,7757,5836
3864,7034,6692
9625,9744,2905
3396,9207,5936
4671,9653,7998
8807,7478,7021
3041,9811,8963
8868,9951,6610
7089,9686,9466
8721,9551,4533
6396,9746,280
3159,7400,1573
2249,9614,9367
4829,7510,564
6621,7011,9386
8014,8149,7317
529,8610,6313
3445,7026,2563
2144,9973,4221
7532,9386,3906
5985,9913,3954
4747,7544,7871
4493,8595,5743
2277,8337,1836
9657,7623,5792
