9001
9001
9001
9002
9003
9004
9004
9004
9005
9005
9006
9007
9008
9011
9011
9012
9012
9014
9015
9016
9017
9018
9018
9019
9020
9020
9024
9025
9025
9026
9027
9027
9027
9028
9028
9029
9031
9031
9031
9032
9033
9036
9038
9039
9039
9039
9041
9042
9043
9044
9045
9046
9047
9049
9049
9051
9051
9053
9053
9053
9054
9057
9057
9057
9058
9058
9058
9059
9061
9063
9064
9065
9065
9065
9066
9066
9066
9077
9078
9078
9080
9080
9081
9081
9081
9083
9083
9084
9086
9087
9087
9088
9091
9093
9093
9097
9097
9099
9100
9100
9101
9101
9103
9103
9105
9106
9108
9109
9109
9110
9112
9113
9113
9114
9115
9117
9119
9119
9120
9120
9120
9121
9121
9122
9122
9123
9124
9125
9126
9128
9129
9129
9133
9135
9138
9140
9140
9141
9142
9143
9143
9145
9147
9149
9150
9150
9151
9152
9152
9153
9155
9156
9156
9156
9156
9157
9157
9157
9158
9160
9162
9162
9163
9164
9167
9167
9169
9171
9173
9175
9175
9175
9176
9177
9180
9182
9183
9183
9184
9187
9187
9187
9189
9189
9189
9190
9191
9191
9192
9192
9192
9193
9194
9196
9198
9199
9199
9204
9205
9205
9205
9207
9209
9209
9213
9213
9214
9215
9217
9217
9218
9219
9219
9219
9220
9222
9223
9224
9225
9225
9225
9226
9226
9226
9227
9228
9228
9228
9229
9229
9238
9239
9239
9239
9240
9241
9241
9242
9242
9243
9244
9246
9247
9247
9249
9250
9250
9251
9252
9252
9252
9253
9256
9257
9258
9259
9260
9263
9263
9264
9265
9266
9267
9269
9270
9271
9272
9272
9274
9275
9275
9275
9279
9280
9280
9281
9281
9281
9284
9285
9285
9285
9288
9290
9290
9290
9291
9291
9293
9293
9294
9296
9296
9299
9299
9300
9301
9301
9308
9310
9311
9311
9312
9312
9314
9314
9314
9314
9314
9315
9315
9316
9316
9316
9316
9317
9318
9320
9322
9322
9322
9324
9324
9324
9325
9328
9329
9329
9331
9331
9331
9333
9334
9334
9334
9337
9338
9338
9339
9341
9342
9347
9348
9350
9350
9351
9352
9353
9353
9353
9356
9356
9356
9357
9360
9360
9360
9360
9361
9361
9363
9365
9365
9366
9367
9367
9367
9368
9369
9369
9369
9370
9371
9371
9371
9373
9373
9373
9374
9375
9376
9376
9377
9378
9380
9382
9382
9382
9383
9385
9388
9389
9390
9390
9392
9394
9396
9396
9396
9397
9398
9400
9402
9403
9404
9404
9404
9405
9407
9409
9409
9417
9417
9417
9422
9425
9425
9426
9426
9427
9429
9429
9429
9430
9430
9431
9432
9432
9434
9434
9438
9439
9442
9443
9443
9444
9446
9450
9451
9454
9454
9455
9455
9456
9458
9460
9461
9463
9465
9466
9467
9468
9469
9471
9473
9474
9474
9475
9476
9476
9476
9477
9477
9481
9481
9482
9482
9482
9482
9484
9484
9485
9486
9488
9490
9491
9492
9494
9495
9497
9497
9498
9498
9498
9499
9499
9501
9502
9503
9503
9504
9505
9506
9506
9509
9509
9511
9511
9513
9514
9514
9514
9516
9518
9519
9519
9520
9521
9523
9523
9524
9526
9526
9527
9527
9527
9529
9529
9530
9531
9531
9532
9532
9534
9535
9535
9539
9541
9541
9541
9541
9542
9543
9545
9546
9547
9547
9550
9553
9553
9554
9556
9558
9558
9558
9559
9560
9560
9561
9561
9564
9565
9565
9565
9565
9565
9566
9567
9567
9569
9570
9571
9573
9573
9574
9574
9574
9576
9576
9579
9580
9581
9581
9581
9585
9585
9587
9587
9588
9588
9588
9589
9590
9591
9592
9594
9594
9597
9599
9599
9600
9600
9601
9601
9602
9603
9603
9603
9603
9603
9605
9606
9607
9607
9608
9608
9609
9611
9612
9613
9615
9615
9615
9617
9618
9622
9622
9623
9623
9624
9625
9625
9628
9629
9629
9630
9630
9631
9631
9633
9633
9635
9636
9636
9636
9636
9637
9637
9638
9639
9639
9639
9640
9641
9641
9642
9643
9643
9643
9644
9644
9646
9646
9647
9648
9650
9651
9653
9654
9655
9655
9657
9657
9659
9659
9659
9660
9660
9660
9661
9661
9661
9661
9661
9662
9662
9663
9664
9664
9668
9668
9668
9668
9670
9671
9674
9674
9678
9679
9681
9681
9689
9689
9690
9691
9691
9691
9691
9691
9693
9693
9695
9696
9696
9697
9697
9698
9698
9698
9698
9698
9699
9699
9701
9701
9702
9702
9704
9705
9706
9706
9708
9708
9708
9709
9714
9714
9715
9716
9718
9719
9720
9720
9722
9725
9725
9729
9730
9734
9734
9734
9734
9738
9739
9739
9740
9740
9741
9742
9742
9743
9746
9746
9749
9751
9752
9755
9755
9755
9756
9756
9756
9759
9761
9763
9764
9767
9767
9770
9771
9772
9772
9772
9772
9774
9776
9777
9778
9780
9781
9782
9783
9783
9785
9785
9787
9788
9789
9790
9791
9794
9795
9795
9796
9796
9798
9800
9800
9804
9805
9808
9808
9808
9808
9810
9810
9810
9811
9813
9814
9814
9815
9816
9817
9817
9820
9824
9825
9827
9829
9829
9835
9835
9837
9838
9838
9839
9839
9839
9840
9841
9842
9844
9845
9845
9845
9846
9846
9847
9848
9848
9849
9849
9852
9854
9855
9856
9859
9860
9860
9860
9861
9861
9865
9866
9867
9868
9869
9872
9874
9875
9875
9875
9876
9877
9877
9878
9880
9883
9884
9885
9886
9887
9887
9887
9889
9889
9890
9890
9890
9891
9891
9891
9892
9893
9895
9895
9895
9895
9896
9896
9897
9897
9898
9901
9902
9903
9905
9905
9905
9906
9906
9906
9907
9909
9909
9909
9912
9912
9912
9914
9914
9914
9915
9915
9919
9919
9919
9921
9922
9925
9926
9926
9926
9927
9929
9930
9930
9930
9930
9931
9933
9936
9937
9938
9938
9939
9939
9940
9940
9942
9944
9946
9946
9947
9947
9949
9951
9951
9953
9957
9957
9959
9959
9960
9962
9963
9963
9964
9964
9964
9964
9966
9968
9969
9970
9970
9971
9972
9974
9974
9975
9976
9977
9979
9979
9980
9981
9981
9982
9982
9987
9989
9989
9989
9993
9994
9997
9997
9998
9998
9998
9998
10000
