1
2
2
2
3
3
3
3
4
4
5
7
8
8
8
8
10
10
11
13
14
14
21
21
21
21
22
23
23
27
29
30
31
31
33
34
35
36
36
38
38
42
42
44
44
46
46
46
47
47
47
49
49
52
53
55
55
56
56
56
57
58
58
58
58
59
59
60
61
62
63
63
64
64
65
65
67
67
68
68
72
72
77
77
82
83
84
84
88
88
89
90
93
93
96
100
100
101
102
102
103
103
104
108
108
109
112
113
113
114
116
116
118
118
118
121
121
122
123
123
124
125
125
125
126
129
131
132
132
133
134
135
136
136
136
136
137
138
140
141
144
145
146
146
147
147
148
149
150
154
154
154
157
157
159
159
160
161
162
162
163
163
164
166
167
167
167
169
171
173
173
175
176
177
178
179
181
185
185
188
188
189
189
190
191
191
191
192
192
194
196
196
197
197
197
198
200
201
201
202
203
203
204
204
205
205
206
206
206
208
208
212
213
214
215
215
215
215
219
219
220
222
222
223
225
227
228
229
229
230
230
231
232
232
237
237
237
237
237
239
240
240
241
241
242
243
245
245
247
248
248
249
250
250
251
252
252
252
253
253
254
254
255
257
259
260
260
261
261
263
264
265
266
266
267
269
269
270
272
272
274
275
275
276
277
278
279
279
281
282
282
283
283
284
286
286
289
291
292
295
296
296
297
298
301
302
303
306
307
307
308
308
308
311
312
312
313
316
317
318
319
320
320
321
323
323
327
328
329
330
331
332
333
334
334
334
335
336
337
340
340
341
342
342
343
345
345
346
348
349
350
350
351
352
352
352
352
352
354
356
358
359
360
360
361
362
364
364
364
364
366
366
366
366
368
369
370
371
372
373
373
374
374
377
377
379
380
381
382
382
382
384
384
384
386
387
389
390
390
391
393
394
394
394
394
399
400
400
401
401
402
403
404
404
408
409
410
411
411
411
412
412
414
415
415
416
416
417
418
420
421
423
425
426
427
429
429
429
429
431
432
432
432
433
433
434
436
436
438
438
438
439
441
441
442
444
446
448
448
448
453
453
456
457
458
460
460
461
461
463
464
464
465
466
468
468
469
471
473
474
474
474
474
475
475
475
477
477
477
478
481
482
482
482
484
484
485
485
486
487
487
489
490
490
491
493
493
494
494
494
494
494
496
496
496
497
497
498
498
499
500
500
503
503
504
506
506
506
508
509
509
511
512
512
512
513
515
516
516
516
516
517
518
519
519
521
522
523
524
525
527
527
529
529
530
531
531
532
533
534
535
535
536
542
543
544
545
545
546
546
548
548
550
551
551
552
554
555
555
556
557
557
560
561
561
561
562
562
563
564
564
565
566
566
567
567
567
567
567
568
568
570
570
572
573
573
575
575
575
576
577
577
579
581
581
583
583
583
584
584
584
585
585
588
588
590
590
591
591
592
592
593
594
595
595
595
596
596
597
598
599
600
600
602
603
605
610
613
614
615
615
616
619
620
620
621
623
623
624
626
627
627
627
628
630
633
634
634
636
636
636
637
640
641
641
641
642
644
645
647
648
648
649
651
651
654
656
656
657
657
657
659
660
660
660
662
662
663
663
663
664
665
665
666
666
667
667
671
673
680
681
682
683
686
692
692
694
694
694
694
694
695
695
696
697
698
700
701
702
702
703
704
704
705
707
707
708
711
712
712
714
714
715
717
717
717
717
718
719
719
720
720
720
724
725
726
726
726
726
732
733
734
734
734
734
737
738
739
739
740
743
743
744
745
745
745
745
746
748
751
752
753
755
756
757
758
759
760
761
761
762
762
763
764
766
768
769
770
770
772
776
780
782
782
783
783
783
783
785
786
786
786
786
786
787
787
788
788
789
790
791
791
791
791
792
794
794
794
794
794
795
796
796
796
797
797
797
798
798
800
800
800
804
805
805
807
808
808
810
811
812
813
814
814
815
818
818
819
820
821
822
825
825
825
826
826
826
827
828
829
830
831
831
833
834
835
835
838
839
841
841
841
845
847
847
848
848
848
851
851
852
853
855
856
858
860
861
861
861
862
863
866
866
869
871
874
874
875
877
877
878
879
879
880
880
881
881
881
882
883
885
888
888
888
890
892
893
894
896
897
903
904
905
907
907
908
908
909
909
910
910
912
913
915
916
916
916
918
920
920
921
924
925
930
931
931
931
932
932
932
933
934
936
938
939
939
940
942
946
946
947
947
949
951
954
956
956
956
958
958
959
960
961
961
962
962
964
964
965
965
965
965
965
967
968
969
969
970
971
971
974
975
975
977
980
980
980
983
986
987
989
990
990
991
991
991
994
995
995
996
998
999
1000
1000
1003
1003
1003
1004
1005
1005
1006
1007
1008
1010
1012
1012
1013
1013
1015
1020
1022
1024
1025
1025
1025
1026
1026
1027
1028
1031
1033
1033
1033
1034
1036
1036
1036
1037
1037
1038
1040
1041
1042
1043
1043
1044
1046
1047
1047
1048
1051
1051
1054
1055
1056
1056
1056
1057
1059
1060
1061
1062
1062
1064
1064
1064
1064
1065
1066
1070
1070
1070
1071
1072
1073
1074
1074
1074
1074
1075
1075
1075
1076
1078
1079
1080
1080
1081
1083
1084
1084
1086
1086
1086
1087
1088
1090
1091
1091
1092
1092
1093
1094
1096
1098
1099
1099
1099
1100
1102
1104
1104
1107
1108
1110
1112
1112
1112
1113
1113
1114
1114
1114
1115
1116
1116
1118
1118
1119
1120
1120
1121
1122
1122
1123
1123
1123
1124
1125
1125
1125
1127
1127
1129
1129
1130
1131
1131
1132
1132
1134
1135
1136
1136
1137
1140
1141
1143
1144
1146
1146
1148
1149
1150
1151
1153
1154
1156
1156
1157
1159
1160
1160
1161
1162
1165
1166
1168
1169
1169
1170
1171
1171
1172
1173
1175
1176
1177
1178
1178
1179
1180
1182
1183
1184
1187
1188
1188
1189
1189
1189
1190
1193
1193
1193
1195
1197
1199
1200
1201
1201
1202
1202
1205
1207
1209
1209
1209
1210
1211
1212
1216
1216
1217
1217
1219
1219
1220
1221
1221
1223
1223
1224
1225
1225
1225
1226
1227
1230
1231
1233
1234
1235
1236
1236
1237
1238
1240
1241
1241
1243
1243
1246
1247
1247
1249
1249
1251
1251
1253
1253
1256
1257
1257
1258
1259
1259
1261
1261
1262
1262
1264
1267
1268
1269
1273
1274
1275
1275
1277
1277
1279
1280
1281
1281
1282
1283
1287
1287
1288
1288
1289
1289
1290
1291
1294
1294
1296
1299
1299
1300
1300
1301
1303
1304
1305
1305
1306
1307
1310
1310
1311
1316
1316
1318
1318
1318
1319
1321
1323
1324
1325
1326
1327
1327
1328
1332
1333
1334
1337
1338
1339
1341
1342
1342
1344
1345
1346
1346
1349
1351
1351
1352
1352
1353
1354
1355
1355
1355
1356
1356
1357
1358
1358
1359
1359
1361
1363
1365
1368
1368
1370
1370
1370
1370
1370
1371
1373
1374
1374
1374
1376
1377
1377
1377
1377
1378
1379
1380
1384
1386
1389
1390
1391
1391
1391
1393
1393
1395
1396
1396
1397
1398
1401
1401
1402
1402
1404
1405
1406
1408
1408
1409
1409
1409
1410
1412
1414
1415
1415
1416
1417
1419
1419
1420
1420
1421
1421
1421
1422
1423
1424
1424
1424
1424
1428
1431
1431
1432
1432
1433
1434
1435
1436
1437
1438
1438
1438
1440
1442
1443
1443
1444
1445
1446
1447
1449
1449
1449
1450
1450
1452
1454
1454
1457
1458
1458
1458
1464
1464
1467
1468
1468
1468
1469
1470
1471
1472
1472
1472
1473
1473
1477
1478
1478
1479
1480
1481
1483
1483
1483
1484
1485
1486
1487
1487
1489
1489
1492
1492
1495
1496
1497
1497
1498
1499
1502
1502
1503
1503
1504
1505
1505
1506
1506
1507
1508
1510
1511
1511
1511
1512
1515
1516
1516
1516
1519
1520
1521
1521
1522
1524
1524
1525
1525
1525
1526
1529
1529
1531
1532
1533
1533
1533
1539
1540
1540
1540
1540
1541
1541
1542
1542
1542
1543
1544
1545
1545
1547
1549
1550
1552
1554
1555
1555
1556
1557
1557
1558
1558
1559
1562
1563
1564
1564
1566
1566
1569
1569
1569
1571
1572
1572
1574
1576
1576
1577
1578
1580
1580
1581
1582
1584
1585
1585
1585
1587
1587
1587
1587
1588
1588
1588
1591
1591
1594
1594
1595
1595
1596
1596
1597
1597
1597
1598
1599
1600
1602
1603
1603
1604
1606
1606
1606
1609
1610
1610
1613
1614
1615
1615
1616
1618
1618
1619
1619
1620
1623
1623
1624
1625
1626
1626
1628
1629
1629
1630
1631
1631
1632
1633
1634
1635
1636
1636
1638
1638
1640
1642
1642
1645
1646
1647
1648
1648
1649
1653
1653
1655
1655
1657
1657
1659
1660
1661
1663
1664
1671
1671
1676
1678
1679
1681
1681
1681
1681
1681
1684
1688
1689
1689
1694
1694
1695
1696
1697
1697
1698
1698
1701
1701
1701
1701
1702
1703
1709
1709
1710
1710
1710
1711
1712
1718
1719
1719
1720
1721
1721
1721
1721
1722
1725
1725
1729
1730
1732
1734
1734
1735
1735
1736
1736
1736
1736
1738
1738
1738
1739
1739
1742
1742
1742
1744
1745
1745
1747
1752
1756
1756
1757
1758
1758
1763
1765
1765
1766
1769
1770
1771
1772
1772
1774
1775
1775
1776
1776
1777
1779
1782
1783
1784
1785
1786
1788
1791
1793
1793
1793
1794
1795
1795
1797
1798
1798
1800
1802
1803
1803
1804
1804
1804
1804
1805
1809
1814
1815
1815
1817
1818
1818
1818
1819
1819
1820
1821
1822
1824
1824
1824
1825
1827
1830
1830
1830
1830
1832
1832
1833
1834
1834
1835
1836
1837
1838
1838
1839
1841
1841
1842
1843
1845
1845
1847
1848
1849
1852
1852
1852
1853
1853
1853
1855
1855
1856
1856
1857
1858
1863
1863
1863
1864
1865
1865
1865
1866
1866
1867
1867
1868
1868
1869
1869
1869
1870
1871
1872
1873
1875
1879
1879
1880
1882
1883
1883
1885
1886
1887
1892
1893
1893
1894
1894
1895
1896
1898
1899
1900
1901
1901
1902
1902
1902
1902
1903
1903
1903
1903
1903
1904
1904
1904
1905
1905
1906
1907
1907
1908
1908
1909
1911
1911
1913
1914
1915
1917
1917
1918
1918
1920
1920
1922
1922
1923
1926
1927
1928
1929
1930
1934
1934
1935
1935
1938
1938
1940
1941
1942
1942
1944
1945
1947
1947
1947
1948
1949
1950
1951
1952
1952
1952
1957
1960
1962
1963
1963
1964
1964
1965
1965
1966
1966
1966
1966
1966
1966
1967
1968
1970
1970
1970
1973
1973
1976
1977
1978
1979
1979
1980
1981
1981
1982
1983
1983
1983
1984
1984
1985
1986
1986
1986
1987
1988
1991
1992
1993
1994
1994
1994
1995
1998
1999
2000
2000
2000
2003
2005
2007
2008
2008
2008
2009
2010
2012
2013
2015
2015
2017
2018
2019
2019
2020
2021
2021
2021
2022
2022
2023
2025
2025
2026
2027
2028
2028
2029
2030
2033
2034
2034
2035
2035
2036
2036
2039
2041
2041
2043
2043
2043
2046
2047
2047
2047
2047
2048
2048
2048
2049
2050
2051
2051
2051
2052
2052
2052
2053
2053
2053
2057
2059
2060
2061
2063
2065
2067
2068
2069
2072
2073
2074
2075
2076
2076
2077
2077
2078
2078
2080
2080
2080
2080
2082
2083
2084
2086
2088
2090
2091
2092
2094
2094
2095
2097
2097
2097
2097
2097
2098
2098
2103
2104
2106
2106
2112
2113
2114
2115
2116
2117
2117
2119
2120
2121
2121
2121
2123
2123
2124
2125
2127
2128
2128
2128
2129
2129
2129
2131
2133
2134
2135
2135
2136
2138
2138
2138
2139
2140
2140
2142
2143
2143
2144
2145
2145
2147
2148
2148
2148
2148
2150
2150
2153
2154
2154
2156
2159
2160
2161
2163
2166
2166
2171
2171
2178
2179
2180
2182
2182
2182
2183
2183
2185
2187
2188
2189
2189
2190
2190
2190
2191
2194
2194
2196
2197
2197
2198
2198
2198
2199
2200
2200
2200
2202
2202
2202
2205
2206
2207
2208
2210
2210
2211
2214
2216
2217
2218
2219
2219
2219
2219
2221
2222
2224
2224
2224
2225
2228
2229
2230
2231
2232
2232
2232
2233
2233
2234
2236
2236
2238
2240
2241
2244
2245
2245
2246
2247
2249
2249
2249
2249
2249
2250
2250
2252
2252
2254
2254
2256
2257
2257
2258
2259
2260
2260
2261
2262
2263
2265
2266
2266
2267
2267
2268
2269
2272
2273
2276
2277
2277
2278
2280
2280
2281
2282
2287
2289
2289
2290
2292
2292
2294
2295
2296
2298
2298
2299
2301
2304
2304
2307
2307
2308
2308
2308
2311
2312
2313
2313
2315
2315
2317
2317
2317
2318
2318
2319
2319
2322
2325
2327
2327
2329
2331
2331
2331
2332
2334
2334
2334
2335
2336
2336
2340
2342
2343
2347
2348
2348
2348
2348
2351
2351
2351
2351
2352
2352
2353
2354
2356
2356
2357
2357
2358
2358
2360
2362
2363
2363
2364
2365
2366
2368
2368
2369
2369
2370
2370
2372
2372
2373
2373
2373
2376
2378
2380
2380
2381
2381
2382
2382
2382
2384
2386
2386
2387
2388
2389
2389
2390
2392
2393
2395
2395
2397
2397
2398
2398
2400
2401
2403
2403
2404
2404
2405
2405
2406
2406
2407
2409
2409
2409
2411
2411
2413
2414
2416
2416
2419
2422
2422
2424
2424
2425
2426
2426
2428
2432
2433
2434
2435
2437
2437
2438
2440
2442
2442
2444
2444
2444
2445
2446
2449
2451
2452
2454
2454
2455
2456
2457
2459
2460
2461
2461
2462
2465
2465
2466
2467
2469
2470
2470
2471
2472
2473
2473
2474
2474
2475
2478
2478
2480
2481
2482
2483
2486
2486
2487
2487
2489
2490
2491
2494
2495
2495
2498
2499
2500
2501
2501
2501
2502
2507
2508
2509
2511
2512
2512
2512
2513
2514
2514
2517
2518
2518
2519
2520
2521
2522
2522
2523
2524
2524
2524
2525
2525
2525
2526
2527
2528
2528
2529
2530
2531
2531
2533
2533
2535
2536
2536
2539
2539
2539
2541
2541
2542
2542
2544
2545
2545
2546
2547
2548
2549
2551
2552
2556
2556
2557
2558
2558
2558
2558
2559
2560
2561
2562
2564
2566
2567
2569
2569
2571
2571
2571
2572
2573
2574
2575
2577
2577
2579
2579
2579
2579
2580
2581
2583
2583
2585
2586
2586
2589
2591
2591
2595
2595
2596
2597
2597
2597
2599
2599
2600
2600
2602
2602
2603
2604
2607
2608
2611
2612
2613
2614
2614
2615
2618
2618
2619
2620
2621
2623
2624
2626
2626
2627
2627
2629
2629
2630
2631
2632
2635
2636
2636
2636
2637
2637
2639
2641
2642
2642
2647
2650
2652
2652
2656
2657
2659
2662
2663
2664
2669
2671
2672
2673
2674
2675
2679
2681
2683
2683
2684
2686
2687
2688
2692
2692
2692
2693
2693
2693
2694
2695
2698
2698
2700
2701
2701
2702
2702
2703
2703
2704
2706
2707
2707
2709
2710
2711
2711
2712
2712
2712
2712
2713
2715
2716
2718
2719
2719
2720
2720
2721
2723
2723
2724
2725
2727
2729
2730
2731
2733
2733
2733
2734
2735
2735
2735
2736
2736
2737
2737
2740
2741
2742
2742
2745
2746
2747
2747
2748
2749
2749
2751
2753
2754
2754
2754
2757
2758
2761
2762
2762
2762
2762
2763
2764
2765
2766
2766
2766
2768
2769
2771
2772
2773
2778
2779
2780
2780
2782
2783
2783
2787
2788
2790
2792
2792
2794
2794
2795
2798
2799
2801
2801
2804
2804
2804
2806
2806
2808
2808
2808
2809
2809
2811
2812
2812
2815
2815
2816
2816
2816
2818
2818
2819
2820
2821
2824
2825
2826
2826
2827
2830
2831
2832
2832
2836
2836
2836
2838
2840
2841
2842
2842
2848
2848
2850
2850
2851
2851
2852
2853
2854
2856
2857
2857
2857
2859
2860
2861
2861
2862
2862
2864
2864
2866
2867
2870
2871
2874
2874
2874
2876
2878
2879
2881
2881
2883
2883
2884
2886
2887
2888
2891
2891
2892
2892
2893
2896
2897
2897
2897
2897
2898
2899
2899
2899
2900
2901
2901
2902
2903
2903
2905
2905
2907
2907
2908
2911
2913
2913
2913
2915
2915
2915
2916
2917
2918
2918
2918
2919
2919
2920
2922
2924
2926
2926
2926
2928
2929
2930
2931
2931
2932
2932
2933
2933
2933
2934
2935
2938
2939
2939
2940
2941
2942
2944
2945
2945
2946
2947
2948
2948
2949
2949
2950
2951
2952
2953
2953
2954
2955
2956
2956
2957
2957
2958
2960
2962
2964
2964
2964
2967
2967
2968
2969
2970
2970
2971
2972
2972
2972
2973
2975
2977
2977
2978
2978
2980
2981
2981
2982
2984
2985
2987
2988
2989
2990
2991
2993
2995
2995
2995
2996
2997
2999
3000
3000
3000
3001
3002
3002
3003
3004
3005
3009
3009
3011
3011
3013
3014
3015
3019
3021
3022
3022
3024
3024
3025
3026
3028
3028
3029
3031
3032
3032
3033
3033
3034
3038
3039
3039
3040
3041
3041
3044
3048
3048
3049
3050
3051
3051
3052
3052
3053
3055
3057
3060
3060
3060
3062
3063
3064
3064
3065
3065
3066
3067
3069
3069
3070
3071
3072
3073
3073
3074
3074
3074
3076
3080
3082
3082
3083
3084
3085
3087
3087
3089
3090
3091
3091
3093
3094
3095
3095
3095
3096
3097
3097
3097
3100
3102
3102
3102
3104
3104
3105
3106
3106
3107
3110
3113
3114
3116
3116
3116
3118
3120
3121
3121
3122
3123
3125
3126
3126
3128
3130
3131
3131
3131
3131
3134
3134
3134
3134
3134
3136
3136
3141
3142
3142
3143
3147
3148
3149
3149
3150
3150
3152
3154
3157
3157
3158
3159
3159
3160
3161
3163
3166
3166
3168
3168
3169
3170
3174
3175
3175
3177
3178
3179
3180
3181
3183
3183
3183
3184
3186
3187
3190
3191
3193
3194
3195
3195
3195
3199
3199
3199
3200
3200
3202
3202
3202
3204
3207
3209
3209
3209
3210
3213
3213
3215
3217
3218
3219
3220
3223
3223
3224
3224
3226
3227
3230
3230
3231
3232
3234
3234
3235
3238
3239
3240
3240
3241
3241
3241
3242
3242
3243
3244
3244
3245
3246
3246
3249
3252
3257
3257
3258
3258
3259
3259
3260
3263
3265
3265
3265
3266
3266
3266
3269
3269
3270
3272
3272
3273
3274
3275
3275
3277
3278
3279
3281
3282
3284
3288
3289
3293
3296
3297
3297
3297
3297
3297
3300
3301
3301
3301
3303
3303
3303
3304
3305
3305
3306
3306
3306
3307
3308
3308
3311
3311
3311
3312
3312
3312
3312
3313
3314
3316
3316
3317
3319
3320
3320
3321
3321
3322
3323
3325
3326
3326
3327
3328
3328
3330
3334
3334
3335
3337
3337
3338
3339
3344
3346
3347
3347
3347
3349
3349
3351
3351
3353
3354
3354
3354
3355
3355
3356
3357
3358
3359
3360
3360
3361
3365
3365
3366
3367
3368
3370
3370
3371
3372
3372
3372
3372
3372
3373
3374
3375
3375
3376
3379
3379
3380
3382
3383
3384
3385
3387
3387
3388
3389
3390
3390
3390
3391
3393
3393
3394
3394
3395
3395
3395
3396
3398
3398
3398
3400
3400
3401
3401
3406
3406
3407
3409
3409
3410
3411
3412
3412
3415
3416
3417
3417
3418
3418
3418
3419
3419
3420
3420
3424
3424
3425
3426
3427
3427
3429
3432
3433
3433
3435
3436
3437
3440
3440
3440
3443
3444
3445
3446
3446
3449
3450
3451
3451
3452
3455
3456
3456
3457
3458
3459
3459
3459
3461
3461
3463
3463
3468
3470
3470
3470
3472
3472
3473
3473
3474
3474
3476
3476
3476
3476
3477
3478
3479
3481
3481
3482
3482
3483
3484
3486
3486
3487
3488
3488
3488
3489
3492
3492
3492
3493
3493
3494
3494
3498
3498
3499
3501
3501
3501
3502
3503
3504
3508
3509
3509
3510
3510
3510
3511
3511
3514
3514
3516
3518
3519
3520
3520
3522
3522
3524
3524
3527
3527
3528
3529
3530
3530
3530
3531
3532
3533
3536
3537
3539
3539
3540
3542
3544
3548
3549
3549
3550
3551
3552
3552
3552
3553
3554
3554
3554
3555
3555
3557
3558
3560
3561
3561
3563
3564
3567
3568
3568
3569
3569
3570
3571
3574
3575
3578
3578
3579
3580
3580
3581
3581
3585
3585
3586
3586
3586
3587
3590
3591
3593
3594
3595
3596
3597
3597
3599
3601
3602
3603
3603
3603
3603
3603
3603
3604
3604
3604
3606
3606
3606
3607
3608
3609
3609
3610
3611
3614
3614
3615
3615
3615
3616
3616
3617
3618
3619
3619
3621
3621
3622
3627
3628
3628
3631
3632
3632
3633
3633
3636
3637
3638
3638
3638
3640
3645
3645
3646
3647
3649
3649
3650
3655
3656
3657
3658
3658
3659
3663
3663
3663
3663
3664
3664
3664
3664
3665
3665
3667
3667
3668
3670
3670
3670
3671
3671
3671
3672
3672
3674
3676
3676
3678
3678
3679
3680
3680
3682
3684
3689
3691
3693
3694
3694
3695
3695
3697
3698
3698
3699
3701
3702
3703
3704
3705
3705
3705
3705
3706
3707
3707
3707
3707
3709
3709
3709
3711
3715
3716
3716
3716
3718
3718
3719
3719
3719
3721
3722
3723
3725
3726
3726
3726
3727
3727
3728
3729
3730
3731
3731
3735
3736
3737
3737
3740
3741
3743
3745
3746
3746
3746
3749
3751
3753
3753
3754
3755
3755
3759
3760
3761
3761
3767
3769
3770
3771
3774
3775
3778
3778
3779
3779
3782
3783
3783
3784
3784
3786
3787
3787
3790
3791
3792
3794
3794
3794
3795
3796
3797
3797
3800
3801
3804
3804
3805
3808
3808
3808
3808
3809
3809
3810
3810
3811
3812
3813
3814
3816
3817
3818
3818
3819
3819
3819
3820
3820
3821
3821
3822
3822
3823
3826
3826
3829
3830
3830
3833
3834
3834
3834
3834
3836
3836
3837
3838
3839
3839
3840
3841
3842
3843
3846
3846
3847
3849
3850
3851
3852
3852
3852
3854
3855
3855
3856
3856
3858
3858
3859
3859
3860
3860
3860
3860
3861
3863
3863
3863
3864
3864
3864
3866
3868
3868
3869
3870
3870
3872
3874
3874
3874
3876
3876
3877
3877
3878
3878
3878
3881
3882
3883
3883
3885
3886
3887
3887
3887
3888
3888
3890
3891
3892
3892
3893
3894
3894
3895
3896
3898
3900
3900
3902
3902
3903
3903
3904
3905
3907
3908
3908
3908
3909
3911
3911
3913
3913
3914
3915
3916
3916
3917
3919
3919
3922
3923
3924
3925
3926
3929
3930
3931
3932
3932
3935
3935
3937
3937
3938
3938
3940
3941
3945
3946
3947
3948
3949
3949
3951
3951
3952
3952
3953
3954
3956
3957
3959
3961
3961
3962
3962
3962
3963
3965
3968
3970
3970
3973
3973
3974
3975
3977
3977
3979
3980
3980
3980
3981
3982
3982
3983
3985
3986
3987
3988
3988
3988
3988
3988
3988
3989
3993
3994
3995
3995
3996
3998
4000
4000
4001
4002
4003
4004
4005
4006
4007
4008
4008
4008
4009
4010
4011
4012
4012
4014
4014
4014
4015
4015
4017
4022
4023
4024
4024
4026
4026
4028
4030
4031
4033
4033
4036
4038
4042
4042
4043
4043
4043
4043
4047
4047
4047
4047
4049
4050
4051
4051
4053
4055
4056
4057
4058
4059
4059
4060
4060
4062
4064
4065
4065
4066
4069
4070
4076
4076
4077
4077
4077
4080
4081
4081
4082
4083
4085
4086
4086
4087
4087
4090
4092
4092
4092
4093
4094
4097
4097
4097
4097
4099
4101
4101
4101
4105
4105
4106
4108
4109
4109
4110
4112
4113
4114
4116
4118
4118
4119
4120
4122
4122
4123
4123
4125
4125
4126
4126
4127
4128
4128
4129
4129
4129
4129
4129
4130
4130
4135
4135
4136
4136
4139
4141
4143
4144
4145
4146
4146
4147
4148
4148
4148
4148
4150
4151
4152
4153
4154
4155
4155
4155
4156
4157
4158
4159
4159
4159
4162
4163
4164
4165
4166
4167
4167
4170
4171
4171
4172
4172
4173
4173
4174
4175
4176
4176
4176
4176
4179
4179
4180
4181
4184
4184
4185
4187
4189
4191
4191
4191
4194
4194
4195
4197
4198
4198
4199
4200
4200
4201
4204
4204
4207
4207
4209
4209
4211
4216
4216
4219
4220
4220
4222
4222
4222
4222
4222
4225
4225
4225
4225
4225
4225
4227
4227
4228
4229
4229
4230
4230
4230
4231
4231
4233
4234
4237
4237
4238
4240
4240
4241
4241
4241
4241
4242
4243
4243
4250
4251
4251
4251
4252
4254
4254
4257
4257
4258
4258
4262
4263
4263
4263
4264
4265
4265
4266
4268
4274
4274
4275
4277
4279
4279
4280
4280
4282
4282
4283
4283
4284
4284
4286
4288
4288
4288
4288
4290
4291
4291
4295
4295
4295
4297
4297
4297
4300
4301
4302
4302
4302
4303
4304
4308
4309
4310
4311
4312
4312
4312
4313
4315
4316
4318
4319
4319
4320
4321
4322
4325
4327
4328
4331
4331
4332
4333
4335
4335
4335
4335
4336
4337
4337
4338
4338
4338
4339
4341
4341
4342
4343
4344
4345
4347
4348
4349
4349
4353
4353
4354
4356
4358
4360
4361
4362
4362
4369
4369
4370
4373
4375
4375
4376
4379
4379
4380
4380
4381
4382
4386
4387
4388
4389
4390
4390
4390
4392
4392
4393
4393
4393
4396
4396
4396
4398
4401
4404
4404
4405
4406
4410
4411
4413
4414
4414
4416
4416
4416
4419
4419
4419
4420
4421
4422
4423
4424
4425
4425
4425
4426
4427
4427
4427
4428
4428
4429
4429
4430
4431
4432
4432
4432
4434
4437
4438
4440
4440
4441
4442
4443
4443
4443
4443
4444
4444
4444
4445
4446
4446
4447
4448
4448
4451
4452
4453
4453
4454
4456
4456
4457
4459
4460
4461
4461
4462
4462
4465
4465
4466
4467
4469
4470
4470
4472
4473
4474
4474
4474
4476
4476
4477
4478
4479
4480
4481
4482
4482
4483
4483
4483
4483
4485
4486
4487
4487
4489
4490
4492
4493
4493
4495
4495
4496
4496
4497
4497
4497
4498
4498
4499
4499
4500
4501
4502
4502
4503
4503
4504
4505
4506
4506
4507
4509
4511
4511
4513
4514
4514
4517
4518
4521
4523
4523
4523
4525
4526
4526
4528
4529
4530
4531
4531
4533
4534
4534
4534
4534
4538
4538
4538
4539
4539
4540
4540
4545
4547
4547
4549
4549
4550
4550
4551
4552
4553
4554
4555
4555
4559
4559
4560
4560
4561
4562
4564
4565
4565
4565
4569
4569
4569
4569
4571
4572
4572
4572
4573
4574
4574
4575
4576
4577
4578
4579
4579
4579
4579
4580
4580
4580
4581
4583
4583
4584
4585
4585
4587
4588
4589
4590
4590
4592
4592
4592
4593
4593
4594
4597
4598
4599
4600
4601
4601
4601
4601
4603
4605
4605
4608
4608
4609
4609
4610
4610
4610
4612
4614
4614
4615
4616
4617
4617
4619
4622
4623
4625
4625
4626
4632
4632
4634
4634
4635
4636
4636
4637
4638
4639
4640
4641
4641
4644
4644
4645
4645
4645
4647
4649
4650
4651
4651
4651
4652
4656
4657
4657
4658
4658
4660
4661
4663
4664
4664
4665
4666
4666
4669
4670
4671
4671
4671
4673
4673
4675
4678
4679
4679
4679
4681
4681
4682
4682
4683
4684
4688
4689
4691
4691
4694
4695
4696
4697
4699
4699
4701
4701
4702
4703
4703
4704
4705
4705
4709
4709
4709
4710
4711
4712
4712
4713
4713
4715
4717
4718
4720
4721
4722
4723
4725
4727
4729
4733
4733
4734
4735
4737
4737
4737
4737
4738
4738
4738
4739
4740
4742
4742
4744
4744
4747
4748
4749
4750
4751
4751
4752
4754
4755
4757
4757
4758
4761
4762
4762
4763
4764
4765
4765
4768
4768
4770
4770
4770
4771
4775
4775
4775
4776
4777
4781
4781
4781
4782
4783
4783
4783
4784
4785
4786
4786
4787
4789
4789
4791
4792
4793
4794
4795
4796
4797
4797
4798
4799
4801
4801
4802
4803
4806
4807
4807
4807
4808
4809
4811
4811
4812
4813
4814
4819
4819
4822
4823
4823
4824
4824
4826
4826
4828
4829
4829
4829
4830
4830
4830
4830
4831
4831
4831
4831
4832
4832
4832
4832
4833
4835
4836
4838
4838
4839
4839
4840
4841
4842
4844
4845
4846
4848
4848
4851
4853
4855
4860
4860
4863
4863
4864
4866
4867
4867
4868
4868
4869
4869
4869
4871
4871
4872
4874
4875
4876
4877
4880
4881
4882
4883
4883
4885
4885
4886
4886
4886
4888
4888
4890
4890
4890
4890
4891
4891
4892
4892
4894
4894
4894
4894
4894
4895
4895
4895
4895
4896
4897
4899
4901
4901
4901
4903
4904
4905
4906
4908
4909
4911
4911
4912
4912
4914
4914
4915
4916
4917
4918
4919
4920
4921
4922
4923
4923
4924
4924
4925
4926
4927
4927
4928
4928
4929
4929
4929
4930
4930
4931
4932
4933
4934
4935
4936
4936
4937
4938
4938
4938
4939
4940
4941
4941
4944
4945
4946
4947
4948
4949
4949
4949
4950
4950
4951
4953
4953
4953
4959
4959
4960
4961
4961
4962
4962
4965
4967
4968
4969
4969
4970
4970
4971
4972
4974
4976
4977
4978
4978
4978
4979
4980
4980
4980
4982
4984
4987
4987
4989
4992
4993
4994
4994
4995
4996
4996
4997
4998
4999
4999
5000
5000
5002
5004
5005
5006
5006
5006
5007
5007
5012
5012
5015
5018
5018
5021
5021
5025
5026
5027
5028
5032
5034
5036
5038
5039
5040
5041
5041
5042
5042
5042
5044
5045
5045
5046
5046
5048
5048
5048
5049
5050
5051
5051
5054
5055
5055
5056
5059
5062
5063
5063
5063
5064
5065
5066
5068
5069
5070
5072
5072
5074
5076
5076
5076
5076
5076
5077
5079
5079
5082
5085
5085
5086
5087
5088
5088
5089
5090
5092
5094
5096
5097
5098
5099
5099
5100
5100
5101
5102
5105
5107
5107
5109
5109
5109
5109
5110
5111
5111
5114
5115
5116
5116
5116
5118
5120
5121
5122
5123
5125
5127
5127
5128
5129
5129
5130
5133
5133
5135
5136
5138
5140
5144
5145
5146
5147
5147
5148
5148
5150
5152
5155
5155
5158
5159
5160
5162
5163
5164
5164
5164
5164
5169
5170
5171
5171
5173
5173
5175
5175
5176
5176
5177
5178
5180
5181
5183
5183
5184
5188
5189
5190
5190
5191
5192
5193
5197
5201
5201
5203
5203
5204
5205
5205
5205
5207
5207
5208
5208
5209
5210
5212
5212
5212
5215
5215
5216
5217
5218
5220
5221
5222
5222
5222
5223
5225
5226
5226
5229
5232
5232
5233
5233
5233
5234
5235
5237
5239
5240
5241
5241
5243
5244
5245
5248
5249
5250
5250
5253
5255
5255
5257
5259
5261
5261
5263
5263
5264
5264
5266
5270
5270
5271
5274
5275
5275
5276
5277
5278
5278
5282
5282
5282
5283
5283
5284
5287
5287
5289
5289
5289
5290
5291
5291
5294
5294
5295
5298
5298
5299
5300
5301
5302
5302
5304
5304
5308
5308
5309
5312
5313
5313
5315
5315
5316
5317
5318
5318
5319
5319
5319
5319
5320
5320
5321
5321
5325
5325
5325
5326
5326
5326
5327
5329
5329
5333
5334
5336
5336
5337
5337
5339
5339
5340
5340
5341
5342
5344
5345
5346
5348
5348
5349
5349
5349
5349
5349
5354
5354
5355
5355
5357
5358
5361
5362
5362
5364
5365
5365
5366
5368
5369
5370
5370
5370
5371
5372
5373
5375
5375
5377
5379
5379
5380
5381
5382
5382
5385
5386
5386
5387
5387
5387
5388
5389
5391
5391
5391
5392
5393
5393
5394
5395
5395
5395
5395
5397
5399
5400
5400
5401
5402
5402
5403
5403
5404
5407
5407
5408
5408
5412
5413
5414
5414
5415
5415
5417
5417
5418
5418
5419
5419
5419
5422
5422
5422
5422
5424
5424
5425
5427
5427
5427
5428
5428
5428
5430
5430
5431
5434
5435
5437
5437
5438
5438
5438
5439
5440
5440
5441
5442
5444
5446
5447
5447
5448
5448
5449
5449
5453
5453
5453
5454
5454
5455
5456
5457
5458
5458
5458
5460
5460
5460
5461
5462
5462
5462
5463
5463
5463
5464
5465
5467
5468
5468
5469
5470
5470
5471
5472
5472
5472
5472
5473
5473
5473
5475
5475
5477
5477
5478
5479
5481
5481
5482
5483
5484
5484
5486
5487
5487
5488
5490
5490
5490
5491
5494
5495
5495
5495
5497
5499
5500
5500
5503
5504
5505
5505
5505
5506
5507
5507
5507
5508
5509
5510
5514
5514
5516
5516
5517
5517
5517
5518
5520
5520
5521
5521
5521
5522
5522
5522
5522
5524
5525
5526
5527
5527
5527
5529
5529
5530
5531
5531
5531
5533
5535
5535
5535
5536
5537
5537
5538
5539
5539
5540
5540
5541
5542
5542
5542
5543
5546
5547
5547
5549
5550
5551
5554
5554
5557
5557
5562
5564
5565
5566
5566
5568
5568
5569
5570
5574
5575
5576
5577
5577
5578
5578
5579
5580
5580
5582
5583
5583
5584
5584
5586
5589
5592
5593
5600
5602
5602
5605
5605
5606
5606
5606
5608
5608
5608
5610
5610
5611
5612
5613
5613
5613
5613
5615
5616
5616
5618
5618
5619
5621
5621
5622
5622
5624
5626
5626
5627
5627
5627
5628
5630
5631
5632
5633
5634
5635
5636
5636
5636
5637
5637
5637
5642
5643
5643
5643
5645
5645
5647
5648
5650
5651
5651
5651
5652
5652
5652
5654
5655
5655
5655
5656
5657
5657
5658
5660
5661
5662
5662
5662
5663
5664
5667
5669
5670
5670
5670
5671
5674
5674
5674
5675
5675
5675
5675
5677
5677
5679
5681
5681
5685
5687
5687
5687
5687
5688
5689
5689
5690
5690
5692
5693
5694
5695
5695
5697
5698
5700
5700
5701
5701
5702
5703
5703
5704
5704
5705
5708
5709
5712
5713
5714
5715
5717
5717
5718
5718
5719
5719
5720
5720
5721
5723
5726
5726
5726
5727
5728
5730
5731
5733
5734
5735
5736
5736
5738
5738
5738
5740
5740
5742
5743
5743
5744
5744
5744
5746
5746
5748
5749
5749
5750
5750
5750
5753
5753
5753
5754
5755
5755
5755
5756
5756
5760
5760
5761
5762
5763
5763
5763
5764
5764
5769
5769
5771
5772
5773
5773
5775
5776
5777
5779
5782
5784
5786
5786
5786
5789
5793
5794
5795
5795
5795
5796
5797
5799
5799
5800
5800
5801
5801
5802
5804
5805
5805
5806
5806
5806
5807
5808
5808
5809
5809
5810
5811
5811
5812
5812
5813
5815
5818
5821
5822
5822
5825
5825
5826
5826
5828
5829
5829
5830
5831
5831
5835
5836
5836
5836
5836
5837
5838
5838
5839
5840
5843
5844
5844
5845
5846
5846
5848
5848
5850
5850
5851
5852
5853
5854
5854
5856
5856
5857
5857
5857
5858
5860
5861
5861
5862
5863
5866
5867
5869
5869
5870
5871
5871
5871
5871
5872
5872
5873
5873
5874
5875
5875
5876
5877
5878
5878
5879
5880
5881
5881
5883
5884
5886
5887
5888
5889
5889
5890
5890
5891
5891
5891
5892
5893
5894
5894
5895
5896
5896
5898
5899
5900
5900
5901
5903
5904
5905
5905
5907
5907
5908
5908
5910
5911
5912
5913
5914
5920
5920
5922
5924
5926
5926
5928
5930
5931
5931
5931
5932
5932
5933
5936
5938
5938
5939
5940
5940
5940
5945
5947
5948
5949
5950
5951
5951
5951
5951
5951
5953
5956
5956
5957
5957
5958
5958
5960
5960
5960
5962
5963
5963
5966
5966
5967
5967
5970
5970
5972
5974
5975
5976
5976
5976
5976
5977
5977
5978
5980
5982
5982
5984
5985
5986
5987
5987
5988
5989
5990
5991
5994
5995
5997
5997
5998
5998
5999
6000
6000
6000
6001
6005
6006
6009
6013
6013
6013
6013
6017
6019
6019
6020
6021
6025
6025
6026
6026
6027
6028
6030
6031
6033
6034
6034
6035
6036
6036
6039
6040
6040
6042
6046
6048
6050
6052
6052
6054
6055
6055
6056
6060
6061
6063
6063
6064
6064
6065
6066
6066
6067
6070
6071
6071
6071
6071
6074
6074
6074
6076
6076
6076
6076
6077
6083
6083
6083
6084
6087
6088
6090
6090
6091
6091
6092
6092
6094
6095
6096
6097
6097
6099
6100
6100
6103
6104
6105
6105
6106
6107
6107
6109
6109
6110
6110
6110
6111
6112
6112
6112
6114
6114
6115
6116
6117
6117
6118
6118
6120
6121
6122
6123
6125
6125
6126
6128
6128
6131
6131
6135
6137
6137
6138
6139
6139
6140
6140
6143
6144
6145
6146
6148
6150
6152
6155
6158
6163
6164
6164
6165
6166
6166
6167
6167
6171
6172
6173
6173
6175
6177
6180
6181
6182
6182
6182
6183
6186
6187
6190
6190
6190
6190
6191
6192
6192
6193
6193
6193
6194
6197
6197
6199
6200
6200
6202
6204
6204
6205
6205
6206
6207
6209
6210
6210
6211
6211
6212
6216
6216
6221
6221
6224
6228
6229
6231
6234
6236
6236
6237
6239
6239
6241
6241
6241
6241
6242
6242
6244
6245
6245
6246
6248
6249
6249
6250
6251
6252
6252
6252
6253
6254
6255
6256
6257
6258
6262
6264
6266
6266
6268
6268
6270
6271
6272
6273
6274
6274
6274
6275
6275
6276
6276
6277
6279
6279
6280
6281
6282
6284
6286
6286
6287
6287
6287
6288
6288
6288
6290
6291
6292
6292
6292
6293
6294
6295
6296
6298
6299
6300
6301
6304
6305
6306
6306
6307
6309
6312
6312
6314
6315
6317
6319
6320
6321
6321
6321
6321
6323
6323
6326
6326
6327
6328
6329
6329
6330
6331
6331
6332
6335
6335
6335
6335
6338
6339
6339
6341
6341
6342
6344
6345
6347
6348
6348
6352
6352
6353
6353
6353
6353
6353
6355
6356
6356
6357
6357
6358
6359
6360
6361
6362
6362
6364
6366
6366
6366
6367
6368
6369
6369
6371
6371
6372
6375
6383
6384
6385
6386
6387
6387
6387
6387
6389
6391
6392
6392
6393
6394
6394
6394
6396
6396
6397
6398
6399
6401
6401
6401
6402
6403
6403
6405
6405
6405
6406
6407
6409
6411
6412
6413
6414
6415
6416
6416
6417
6418
6419
6420
6421
6424
6424
6431
6432
6433
6433
6434
6434
6435
6436
6436
6436
6437
6438
6439
6439
6440
6440
6441
6441
6445
6447
6448
6449
6450
6450
6450
6451
6456
6456
6457
6458
6460
6461
6463
6464
6464
6465
6466
6466
6467
6467
6468
6468
6468
6469
6470
6472
6473
6475
6476
6476
6479
6479
6480
6482
6483
6483
6483
6483
6484
6485
6485
6485
6487
6488
6489
6490
6491
6491
6491
6494
6494
6495
6497
6497
6497
6498
6498
6499
6500
6501
6501
6503
6506
6506
6508
6509
6512
6512
6514
6514
6516
6516
6517
6519
6519
6520
6521
6522
6523
6523
6524
6524
6526
6528
6530
6533
6535
6536
6536
6536
6538
6540
6540
6541
6542
6543
6548
6548
6549
6550
6550
6551
6552
6552
6552
6553
6553
6554
6554
6555
6555
6557
6559
6560
6560
6561
6561
6561
6562
6562
6566
6566
6566
6566
6569
6570
6570
6572
6573
6573
6574
6575
6577
6577
6578
6578
6580
6580
6580
6581
6581
6582
6583
6583
6583
6584
6584
6584
6585
6585
6586
6586
6587
6587
6588
6592
6592
6593
6594
6594
6595
6598
6598
6599
6600
6601
6602
6605
6606
6608
6608
6609
6609
6610
6612
6615
6615
6616
6617
6618
6618
6619
6620
6621
6623
6624
6625
6625
6627
6629
6629
6630
6632
6632
6632
6639
6641
6642
6644
6648
6649
6650
6650
6651
6652
6654
6655
6656
6657
6657
6658
6659
6663
6664
6665
6665
6665
6665
6668
6669
6670
6673
6676
6676
6677
6677
6679
6681
6681
6681
6681
6682
6682
6682
6683
6685
6685
6686
6686
6686
6687
6689
6689
6691
6692
6698
6701
6702
6706
6707
6708
6710
6710
6710
6711
6711
6712
6712
6712
6712
6713
6715
6716
6716
6716
6717
6717
6718
6719
6720
6720
6720
6721
6722
6724
6725
6726
6726
6727
6727
6727
6727
6728
6729
6731
6731
6731
6732
6733
6734
6735
6735
6737
6737
6737
6737
6738
6739
6740
6740
6742
6742
6743
6743
6745
6747
6749
6751
6752
6755
6758
6758
6759
6760
6760
6760
6760
6761
6761
6762
6763
6763
6764
6764
6767
6767
6768
6769
6771
6771
6771
6772
6773
6773
6774
6774
6775
6776
6776
6777
6778
6778
6778
6778
6779
6780
6783
6785
6788
6791
6792
6793
6795
6798
6800
6802
6803
6803
6803
6804
6804
6805
6806
6808
6808
6808
6809
6812
6812
6814
6814
6815
6815
6816
6816
6817
6817
6818
6820
6822
6823
6823
6825
6825
6827
6828
6830
6831
6832
6835
6835
6835
6836
6836
6836
6836
6837
6837
6838
6838
6841
6843
6843
6844
6844
6845
6847
6848
6848
6852
6853
6853
6854
6855
6855
6857
6857
6859
6859
6860
6862
6864
6865
6865
6865
6867
6867
6869
6870
6877
6878
6880
6881
6881
6881
6884
6887
6887
6892
6893
6893
6893
6894
6894
6896
6897
6898
6898
6899
6899
6900
6900
6903
6906
6906
6908
6910
6910
6911
6911
6911
6913
6914
6914
6915
6915
6916
6917
6918
6918
6918
6919
6920
6921
6923
6924
6924
6925
6925
6925
6931
6932
6932
6933
6934
6937
6937
6939
6940
6942
6944
6945
6946
6946
6947
6948
6951
6952
6953
6955
6955
6956
6957
6958
6958
6959
6959
6959
6959
6960
6961
6964
6966
6966
6967
6968
6968
6968
6969
6971
6972
6974
6976
6977
6977
6979
6982
6982
6984
6986
6988
6989
6990
6990
6991
6992
6993
6994
6994
6995
6995
6995
6995
6995
6996
6996
6997
6997
6997
6998
6998
7002
7003
7005
7006
7009
7010
7012
7012
7012
7012
7013
7014
7014
7014
7014
7015
7015
7016
7016
7017
7018
7018
7020
7020
7020
7020
7021
7021
7021
7022
7022
7022
7028
7028
7032
7036
7037
7038
7039
7040
7040
7041
7041
7042
7042
7045
7045
7051
7052
7052
7053
7053
7054
7054
7055
7056
7057
7060
7061
7067
7068
7068
7069
7069
7071
7071
7071
7071
7072
7073
7074
7074
7075
7075
7075
7077
7077
7081
7081
7082
7082
7083
7086
7087
7087
7087
7088
7088
7088
7089
7089
7089
7090
7091
7093
7096
7097
7099
7099
7100
7101
7102
7106
7107
7108
7113
7114
7116
7116
7117
7118
7119
7119
7122
7123
7125
7126
7126
7127
7128
7129
7129
7131
7132
7133
7137
7137
7137
7138
7139
7140
7141
7144
7145
7145
7145
7148
7148
7151
7152
7153
7153
7154
7155
7156
7157
7160
7164
7166
7166
7166
7166
7167
7167
7167
7169
7169
7170
7170
7171
7172
7172
7173
7176
7176
7176
7177
7178
7179
7179
7181
7181
7182
7183
7183
7184
7185
7187
7188
7188
7189
7190
7190
7190
7192
7193
7193
7194
7194
7194
7195
7195
7196
7198
7200
7201
7202
7204
7204
7205
7207
7208
7208
7209
7209
7209
7209
7210
7211
7213
7213
7213
7213
7214
7214
7215
7215
7216
7216
7217
7218
7219
7223
7224
7225
7226
7227
7228
7228
7228
7230
7232
7232
7232
7232
7235
7235
7237
7239
7239
7240
7240
7240
7240
7241
7242
7243
7243
7243
7244
7244
7246
7246
7247
7247
7247
7248
7249
7251
7253
7253
7253
7254
7257
7257
7258
7258
7260
7264
7265
7265
7265
7266
7266
7267
7267
7267
7269
7270
7271
7271
7272
7273
7274
7276
7276
7276
7276
7277
7277
7281
7283
7284
7284
7285
7286
7286
7287
7287
7287
7289
7289
7290
7290
7290
7290
7292
7292
7293
7293
7297
7298
7298
7300
7302
7302
7302
7303
7304
7306
7306
7308
7309
7311
7314
7314
7314
7315
7315
7315
7315
7316
7317
7317
7318
7319
7319
7321
7321
7321
7321
7323
7323
7324
7324
7324
7325
7325
7328
7333
7334
7335
7337
7338
7339
7340
7341
7341
7341
7342
7342
7343
7347
7347
7347
7348
7348
7349
7350
7350
7350
7350
7352
7354
7354
7354
7356
7356
7356
7360
7361
7362
7363
7364
7365
7366
7366
7367
7367
7368
7368
7368
7369
7370
7371
7372
7372
7374
7376
7376
7377
7377
7378
7381
7381
7382
7382
7382
7383
7383
7384
7384
7387
7391
7392
7393
7393
7394
7394
7395
7395
7395
7396
7397
7399
7400
7401
7401
7402
7402
7403
7403
7404
7406
7407
7407
7408
7409
7410
7410
7410
7410
7411
7411
7412
7413
7413
7414
7414
7417
7417
7417
7417
7418
7420
7424
7424
7424
7426
7427
7429
7429
7431
7434
7435
7436
7436
7436
7436
7439
7440
7442
7442
7444
7445
7445
7446
7447
7447
7448
7448
7449
7449
7451
7453
7453
7455
7456
7457
7457
7458
7458
7459
7460
7460
7462
7462
7463
7463
7464
7464
7466
7467
7468
7468
7468
7471
7471
7471
7472
7472
7472
7472
7473
7474
7474
7475
7475
7475
7476
7477
7479
7479
7482
7483
7483
7483
7487
7488
7488
7488
7488
7489
7489
7489
7490
7491
7491
7492
7494
7495
7496
7496
7497
7497
7498
7498
7499
7499
7501
7501
7501
7502
7502
7505
7505
7507
7507
7507
7507
7510
7511
7512
7512
7514
7515
7515
7515
7517
7518
7519
7519
7519
7519
7520
7521
7521
7522
7523
7524
7524
7525
7526
7526
7527
7527
7528
7529
7529
7531
7531
7531
7532
7532
7533
7534
7535
7535
7536
7537
7538
7540
7541
7542
7543
7545
7545
7545
7545
7546
7546
7548
7548
7550
7553
7554
7555
7556
7557
7557
7558
7561
7562
7563
7566
7566
7568
7569
7569
7569
7569
7570
7572
7573
7577
7578
7578
7580
7581
7582
7583
7583
7585
7588
7589
7589
7591
7591
7592
7592
7592
7593
7596
7597
7597
7599
7601
7602
7604
7607
7607
7610
7611
7612
7613
7614
7615
7615
7616
7616
7616
7618
7618
7621
7622
7625
7626
7627
7631
7632
7633
7633
7634
7635
7635
7637
7639
7640
7641
7643
7644
7646
7646
7647
7648
7648
7649
7652
7652
7653
7653
7653
7653
7655
7655
7656
7657
7659
7660
7661
7661
7663
7665
7665
7666
7666
7666
7667
7667
7667
7667
7670
7671
7672
7672
7672
7673
7674
7675
7676
7678
7679
7679
7681
7681
7682
7686
7687
7690
7691
7692
7692
7692
7692
7694
7694
7697
7698
7698
7700
7700
7702
7703
7705
7705
7705
7706
7708
7709
7709
7711
7712
7713
7714
7714
7715
7715
7716
7717
7717
7717
7718
7720
7720
7721
7722
7723
7723
7723
7725
7726
7726
7726
7727
7727
7730
7732
7732
7734
7735
7736
7737
7738
7738
7739
7739
7743
7743
7744
7744
7746
7746
7746
7747
7747
7748
7749
7749
7752
7755
7755
7757
7759
7760
7761
7761
7762
7762
7762
7764
7765
7765
7767
7768
7769
7772
7772
7774
7775
7775
7776
7776
7777
7777
7778
7778
7779
7779
7780
7781
7783
7784
7784
7786
7789
7790
7792
7793
7796
7796
7797
7798
7799
7800
7801
7804
7804
7805
7805
7808
7809
7810
7811
7811
7812
7812
7813
7813
7814
7817
7818
7823
7823
7823
7824
7825
7827
7827
7827
7828
7829
7830
7831
7832
7833
7834
7837
7837
7838
7841
7842
7842
7843
7844
7844
7845
7846
7846
7847
7850
7850
7851
7853
7854
7855
7856
7857
7857
7858
7859
7860
7865
7866
7868
7869
7870
7871
7871
7873
7874
7874
7876
7877
7878
7879
7880
7882
7883
7884
7886
7887
7887
7887
7887
7888
7888
7889
7890
7891
7894
7896
7897
7897
7898
7899
7900
7901
7901
7903
7908
7908
7910
7910
7910
7911
7912
7913
7914
7916
7916
7917
7917
7918
7919
7921
7921
7922
7923
7923
7924
7924
7925
7926
7928
7928
7931
7932
7932
7932
7932
7934
7934
7935
7935
7936
7936
7937
7938
7938
7938
7939
7939
7942
7944
7945
7945
7946
7946
7951
7955
7958
7960
7960
7960
7962
7962
7963
7963
7963
7963
7963
7963
7965
7966
7966
7967
7967
7968
7970
7970
7971
7972
7972
7972
7973
7974
7975
7977
7978
7979
7981
7982
7982
7983
7983
7983
7987
7987
7987
7987
7988
7989
7989
7991
7991
7991
7993
7993
7997
7997
7998
8000
8000
8001
8002
8002
8003
8003
8004
8004
8005
8007
8008
8010
8011
8011
8011
8012
8012
8012
8013
8014
8014
8019
8021
8021
8021
8021
8022
8023
8028
8028
8031
8031
8033
8035
8036
8037
8038
8038
8038
8038
8039
8041
8042
8042
8045
8045
8046
8046
8048
8049
8049
8050
8054
8056
8056
8058
8060
8061
8062
8062
8062
8063
8063
8068
8069
8070
8070
8071
8071
8073
8075
8075
8075
8075
8079
8079
8081
8081
8083
8084
8087
8087
8093
8095
8096
8097
8098
8099
8101
8102
8102
8104
8104
8104
8106
8108
8110
8112
8115
8115
8116
8117
8118
8122
8123
8124
8124
8124
8125
8125
8128
8129
8129
8130
8131
8132
8133
8133
8133
8133
8136
8136
8137
8137
8137
8138
8139
8139
8139
8141
8141
8144
8145
8147
8147
8148
8149
8149
8149
8151
8152
8155
8155
8157
8158
8161
8161
8161
8163
8164
8165
8166
8166
8167
8167
8172
8172
8173
8175
8178
8178
8178
8179
8179
8179
8180
8181
8182
8183
8184
8184
8184
8185
8186
8190
8190
8191
8192
8192
8193
8196
8197
8197
8198
8198
8199
8199
8200
8200
8202
8202
8203
8204
8206
8208
8208
8208
8209
8210
8213
8214
8215
8215
8216
8217
8218
8219
8222
8223
8223
8224
8225
8226
8226
8226
8229
8230
8231
8232
8232
8233
8233
8233
8235
8235
8235
8237
8238
8238
8241
8243
8243
8244
8244
8245
8246
8248
8249
8249
8250
8250
8251
8252
8253
8253
8254
8254
8256
8257
8258
8261
8264
8265
8266
8266
8266
8266
8268
8269
8270
8271
8272
8273
8274
8276
8279
8280
8280
8281
8281
8283
8285
8287
8289
8289
8290
8291
8292
8292
8293
8294
8295
8296
8298
8299
8303
8303
8303
8305
8305
8309
8311
8311
8313
8313
8313
8314
8315
8315
8316
8317
8318
8318
8319
8319
8320
8321
8321
8324
8325
8326
8326
8327
8328
8329
8329
8329
8329
8332
8332
8333
8333
8333
8335
8335
8337
8338
8339
8340
8340
8342
8348
8351
8351
8352
8353
8353
8354
8354
8356
8356
8357
8358
8359
8360
8360
8360
8362
8362
8363
8363
8363
8364
8364
8365
8365
8369
8370
8370
8372
8373
8375
8377
8377
8380
8383
8384
8384
8384
8386
8388
8390
8390
8392
8393
8395
8395
8395
8397
8400
8403
8405
8405
8405
8406
8407
8408
8408
8409
8410
8410
8411
8413
8415
8415
8416
8416
8419
8419
8419
8420
8420
8420
8420
8421
8421
8421
8422
8423
8424
8424
8425
8426
8426
8426
8430
8431
8431
8434
8436
8436
8436
8437
8437
8438
8438
8440
8440
8440
8441
8442
8444
8444
8444
8446
8447
8447
8448
8450
8454
8455
8455
8457
8458
8458
8459
8460
8460
8462
8463
8466
8467
8467
8468
8469
8469
8469
8470
8470
8470
8473
8473
8474
8474
8474
8474
8474
8474
8476
8479
8479
8482
8482
8483
8483
8484
8485
8486
8488
8490
8490
8492
8492
8493
8496
8496
8496
8497
8497
8498
8498
8498
8498
8499
8499
8501
8501
8502
8503
8504
8505
8506
8506
8507
8507
8508
8509
8510
8510
8510
8512
8513
8513
8513
8516
8517
8517
8517
8518
8518
8519
8519
8519
8523
8523
8527
8527
8527
8530
8530
8531
8532
8532
8532
8533
8535
8536
8536
8536
8537
8538
8538
8538
8539
8539
8539
8540
8541
8542
8542
8544
8545
8545
8546
8547
8547
8552
8554
8557
8557
8559
8561
8561
8564
8566
8567
8568
8568
8569
8569
8572
8573
8577
8578
8580
8581
8582
8582
8583
8583
8586
8586
8587
8588
8589
8589
8590
8590
8591
8592
8593
8594
8595
8598
8598
8598
8598
8599
8603
8603
8603
8603
8604
8605
8605
8606
8607
8608
8611
8611
8611
8614
8614
8615
8616
8618
8619
8620
8620
8621
8621
8623
8623
8624
8625
8627
8628
8628
8629
8630
8631
8633
8634
8638
8639
8639
8642
8643
8650
8652
8652
8654
8654
8656
8657
8657
8658
8658
8661
8661
8662
8662
8666
8668
8668
8670
8671
8671
8672
8673
8675
8675
8676
8679
8679
8680
8681
8684
8685
8685
8686
8686
8688
8691
8691
8691
8692
8692
8693
8694
8695
8696
8696
8698
8698
8699
8699
8700
8701
8703
8705
8705
8706
8707
8707
8708
8709
8709
8713
8713
8713
8715
8716
8716
8716
8717
8721
8721
8721
8722
8722
8722
8723
8723
8723
8724
8725
8727
8728
8728
8728
8728
8730
8730
8734
8739
8740
8742
8743
8743
8747
8748
8748
8749
8750
8751
8752
8753
8754
8754
8756
8757
8757
8759
8760
8760
8763
8763
8765
8766
8766
8768
8769
8770
8771
8774
8775
8777
8779
8783
8784
8784
8786
8787
8790
8790
8791
8791
8792
8792
8794
8794
8794
8795
8795
8795
8795
8796
8796
8796
8797
8797
8798
8799
8799
8800
8800
8800
8801
8801
8802
8802
8802
8803
8804
8804
8806
8806
8806
8807
8807
8808
8809
8811
8811
8812
8813
8813
8813
8815
8815
8816
8818
8818
8819
8822
8823
8825
8825
8826
8826
8828
8829
8830
8831
8832
8837
8839
8839
8840
8841
8841
8841
8844
8847
8847
8848
8848
8851
8852
8852
8852
8857
8857
8857
8858
8859
8860
8861
8863
8863
8864
8865
8866
8867
8867
8868
8868
8869
8872
8874
8878
8879
8879
8880
8881
8883
8883
8883
8884
8886
8887
8887
8887
8890
8896
8897
8898
8899
8902
8902
8903
8903
8905
8906
8906
8906
8907
8909
8910
8911
8911
8912
8912
8912
8914
8914
8914
8914
8915
8915
8917
8918
8918
8918
8925
8928
8929
8929
8930
8931
8932
8932
8933
8933
8933
8934
8935
8936
8936
8936
8939
8940
8942
8943
8945
8948
8948
8949
8950
8951
8951
8951
8951
8951
8953
8954
8955
8958
8958
8959
8959
8961
8962
8965
8966
8966
8968
8970
8972
8974
8974
8975
8976
8977
8977
8978
8978
8979
8979
8979
8980
8981
8981
8982
8982
8982
8982
8983
8986
8986
8986
8986
8989
8989
8989
8990
8992
8994
8995
8995
8995
8996
8996
8996
8998
8999
9000
9000
9000
9001
9001
9001
9002
9003
9004
9004
9004
9005
9005
9006
9007
9008
9011
9011
9012
9012
9014
9015
9016
9017
9018
9018
9019
9020
9020
9024
9025
9025
9026
9027
9027
9027
9028
9028
9029
9031
9031
9031
9032
9033
9036
9038
9039
9039
9039
9041
9042
9043
9044
9045
9046
9047
9049
9049
9051
9051
9053
9053
9053
9054
9057
9057
9057
9058
9058
9058
9059
9061
9063
9064
9065
9065
9065
9066
9066
9066
9077
9078
9078
9080
9080
9081
9081
9081
9083
9083
9084
9086
9087
9087
9088
9091
9093
9093
9097
9097
9099
9100
9100
9101
9101
9103
9103
9105
9106
9108
9109
9109
9110
9112
9113
9113
9114
9115
9117
9119
9119
9120
9120
9120
9121
9121
9122
9122
9123
9124
9125
9126
9128
9129
9129
9133
9135
9138
9140
9140
9141
9142
9143
9143
9145
9147
9149
9150
9150
9151
9152
9152
9153
9155
9156
9156
9156
9156
9157
9157
9157
9158
9160
9162
9162
9163
9164
9167
9167
9169
9171
9173
9175
9175
9175
9176
9177
9180
9182
9183
9183
9184
9187
9187
9187
9189
9189
9189
9190
9191
9191
9192
9192
9192
9193
9194
9196
9198
9199
9199
9204
9205
9205
9205
9207
9209
9209
9213
9213
9214
9215
9217
9217
9218
9219
9219
9219
9220
9222
9223
9224
9225
9225
9225
9226
9226
9226
9227
9228
9228
9228
9229
9229
9238
9239
9239
9239
9240
9241
9241
9242
9242
9243
9244
9246
9247
9247
9249
9250
9250
9251
9252
9252
9252
9253
9256
9257
9258
9259
9260
9263
9263
9264
9265
9266
9267
9269
9270
9271
9272
9272
9274
9275
9275
9275
9279
9280
9280
9281
9281
9281
9284
9285
9285
9285
9288
9290
9290
9290
9291
9291
9293
9293
9294
9296
9296
9299
9299
9300
9301
9301
9308
9310
9311
9311
9312
9312
9314
9314
9314
9314
9314
9315
9315
9316
9316
9316
9316
9317
9318
9320
9322
9322
9322
9324
9324
9324
9325
9328
9329
9329
9331
9331
9331
9333
9334
9334
9334
9337
9338
9338
9339
9341
9342
9347
9348
9350
9350
9351
9352
9353
9353
9353
9356
9356
9356
9357
9360
9360
9360
9360
9361
9361
9363
9365
9365
9366
9367
9367
9367
9368
9369
9369
9369
9370
9371
9371
9371
9373
9373
9373
9374
9375
9376
9376
9377
9378
9380
9382
9382
9382
9383
9385
9388
9389
9390
9390
9392
9394
9396
9396
9396
9397
9398
9400
9402
9403
9404
9404
9404
9405
9407
9409
9409
9417
9417
9417
9422
9425
9425
9426
9426
9427
9429
9429
9429
9430
9430
9431
9432
9432
9434
9434
9438
9439
9442
9443
9443
9444
9446
9450
9451
9454
9454
9455
9455
9456
9458
9460
9461
9463
9465
9466
9467
9468
9469
9471
9473
9474
9474
9475
9476
9476
9476
9477
9477
9481
9481
9482
9482
9482
9482
9484
9484
9485
9486
9488
9490
9491
9492
9494
9495
9497
9497
9498
9498
9498
9499
9499
9501
9502
9503
9503
9504
9505
9506
9506
9509
9509
9511
9511
9513
9514
9514
9514
9516
9518
9519
9519
9520
9521
9523
9523
9524
9526
9526
9527
9527
9527
9529
9529
9530
9531
9531
9532
9532
9534
9535
9535
9539
9541
9541
9541
9541
9542
9543
9545
9546
9547
9547
9550
9553
9553
9554
9556
9558
9558
9558
9559
9560
9560
9561
9561
9564
9565
9565
9565
9565
9565
9566
9567
9567
9569
9570
9571
9573
9573
9574
9574
9574
9576
9576
9579
9580
9581
9581
9581
9585
9585
9587
9587
9588
9588
9588
9589
9590
9591
9592
9594
9594
9597
9599
9599
9600
9600
9601
9601
9602
9603
9603
9603
9603
9603
9605
9606
9607
9607
9608
9608
9609
9611
9612
9613
9615
9615
9615
9617
9618
9622
9622
9623
9623
9624
9625
9625
9628
9629
9629
9630
9630
9631
9631
9633
9633
9635
9636
9636
9636
9636
9637
9637
9638
9639
9639
9639
9640
9641
9641
9642
9643
9643
9643
9644
9644
9646
9646
9647
9648
9650
9651
9653
9654
9655
9655
9657
9657
9659
9659
9659
9660
9660
9660
9661
9661
9661
9661
9661
9662
9662
9663
9664
9664
9668
9668
9668
9668
9670
9671
9674
9674
9678
9679
9681
9681
9689
9689
9690
9691
9691
9691
9691
9691
9693
9693
9695
9696
9696
9697
9697
9698
9698
9698
9698
9698
9699
9699
9701
9701
9702
9702
9704
9705
9706
9706
9708
9708
9708
9709
9714
9714
9715
9716
9718
9719
9720
9720
9722
9725
9725
9729
9730
9734
9734
9734
9734
9738
9739
9739
9740
9740
9741
9742
9742
9743
9746
9746
9749
9751
9752
9755
9755
9755
9756
9756
9756
9759
9761
9763
9764
9767
9767
9770
9771
9772
9772
9772
9772
9774
9776
9777
9778
9780
9781
9782
9783
9783
9785
9785
9787
9788
9789
9790
9791
9794
9795
9795
9796
9796
9798
9800
9800
9804
9805
9808
9808
9808
9808
9810
9810
9810
9811
9813
9814
9814
9815
9816
9817
9817
9820
9824
9825
9827
9829
9829
9835
9835
9837
9838
9838
9839
9839
9839
9840
9841
9842
9844
9845
9845
9845
9846
9846
9847
9848
9848
9849
9849
9852
9854
9855
9856
9859
9860
9860
9860
9861
9861
9865
9866
9867
9868
9869
9872
9874
9875
9875
9875
9876
9877
9877
9878
9880
9883
9884
9885
9886
9887
9887
9887
9889
9889
9890
9890
9890
9891
9891
9891
9892
9893
9895
9895
9895
9895
9896
9896
9897
9897
9898
9901
9902
9903
9905
9905
9905
9906
9906
9906
9907
9909
9909
9909
9912
9912
9912
9914
9914
9914
9915
9915
9919
9919
9919
9921
9922
9925
9926
9926
9926
9927
9929
9930
9930
9930
9930
9931
9933
9936
9937
9938
9938
9939
9939
9940
9940
9942
9944
9946
9946
9947
9947
9949
9951
9951
9953
9957
9957
9959
9959
9960
9962
9963
9963
9964
9964
9964
9964
9966
9968
9969
9970
9970
9971
9972
9974
9974
9975
9976
9977
9979
9979
9980
9981
9981
9982
9982
9987
9989
9989
9989
9993
9994
9997
9997
9998
9998
9998
9998
10000
