8575
5776
7225
1822
2221
7695
8970
7998
5391
668
1754
4634
5906
7230
1922
2453
927
7885
5488
9485
2283
7515
4506
478
6373
7659
1857
9973
1919
7151
1042
9836
6272
5085
7567
7773
48
4467
8116
2522
7933
6884
5809
4398
5955
1623
5229
4425
8816
4806
2069
9376
6441
5286
7684
5710
1788
8124
7922
5655
2296
2825
861
2009
2883
1213
6320
4243
8031
4248
9677
303
2096
3376
3600
1951
9788
4895
5367
8225
3124
3686
3096
5430
6700
228
2222
2866
3108
8200
1568
3361
3071
364
7189
1716
4598
3453
5951
3891
8837
7897
1293
8624
8533
3762
9406
4758
7150
5006
9914
488
7453
4750
4578
2295
1152
9422
9582
8262
2966
330
2790
1272
5000
1155
3669
1851
8427
6439
2285
4407
3229
4625
2183
6991
8132
2083
4197
487
4026
6665
5447
2780
6474
2175
7666
9948
8860
406
1288
2185
1182
7359
2368
2732
660
3414
5620
7107
273
395
9153
4881
3206
459
7062
9177
1178
7308
1698
5476
3344
5440
2447
1119
1269
5009
7154
9323
2573
4898
5993
5735
7351
7214
9177
9517
9031
170
7106
6300
136
83
4149
719
3393
6919
9727
9488
3511
4677
3857
8512
1146
6984
9011
2486
746
5526
63
5735
2768
2449
7078
3586
1809
6618
1250
1044
2625
3000
6563
9846
2348
1217
2354
476
1113
6241
827
957
2768
8069
118
1455
2688
1754
2367
8969
1724
4302
6319
3749
2842
7547
3703
3613
2221
4859
7241
4258
3786
7246
2793
2240
5390
475
1184
6623
2842
5467
8825
6994
4379
4100
142
5175
751
1331
2454
7806
6984
7340
871
3364
217
3427
6724
8119
3158
399
558
7296
1956
1898
9510
4013
2427
6225
4554
4214
1211
3030
4843
3576
585
4799
6301
4474
8210
5121
7105
2311
5499
7451
3892
1967
7541
5789
9127
2212
9916
1284
3902
5692
1977
971
4565
5727
839
3617
8970
4276
4077
3926
7478
2751
9213
5257
8241
7264
650
9445
5176
2215
7405
5543
5069
5432
7628
7835
8094
3501
4252
7893
1875
7266
5518
625
4498
2240
4423
9620
5694
9406
8749
4150
418
6675
2518
1208
3995
7326
4324
1330
7576
7047
1935
5371
5183
688
7127
8455
4828
4334
5736
267
9665
6020
4910
2370
3757
7954
4010
254
9443
71
1222
3702
5704
4034
9818
233
3166
9950
5228
2827
9166
6488
9305
2216
7475
1450
705
9570
3846
244
4719
1033
4411
9033
7653
9585
328
5830
3988
7485
718
9595
6551
4278
9515
9464
5875
5330
8804
1169
9207
4326
7476
1896
9874
3957
2758
7074
4231
8773
3269
7420
9845
5632
1289
4814
5782
3640
4960
3868
5666
3996
2501
5228
3931
3635
8196
7205
1988
6424
282
9078
6424
5966
4757
5594
8343
6348
5413
6450
2510
8987
7030
7168
6389
2950
1186
8966
3459
1959
4626
2128
8119
5458
874
4675
771
1132
3578
1297
9609
7491
2713
8452
7922
6175
8713
1612
7390
2856
6645
7173
626
6647
8866
9981
7478
614
9851
6998
9422
3834
7145
441
9401
1770
514
1159
1758
9656
3928
1077
961
2975
7360
5300
5481
5848
3607
3915
4455
1651
1858
4652
4438
1501
1755
620
2116
2554
9729
5231
6863
4627
6805
2350
5527
6862
4680
5805
5252
2518
5278
7828
5442
6304
6137
4718
1409
9665
4089
7437
3091
2046
1774
3752
69
340
3747
655
6088
4455
30
3750
1125
4222
2504
818
3854
716
6547
7766
2813
2167
1904
7515
4384
7692
7401
9747
1628
7639
3216
9849
4209
248
4717
4982
5803
180
2177
4455
8304
6377
273
7162
9431
7674
3377
3407
8835
232
2598
2464
2818
312
9350
8204
233
6490
9066
7067
1923
292
8280
9373
6794
6437
195
5669
9728
4298
5645
5582
4621
536
6944
1711
6253
5196
8800
7059
7846
945
3327
7869
7994
1244
9827
332
5461
6857
7319
166
1812
6504
2215
7925
1172
6033
7960
8909
69
8803
7623
2628
8191
5458
5515
2940
2899
1137
5384
9116
5876
7593
8946
5353
9492
6287
3403
1364
1273
5015
4041
1505
7554
6847
4966
7863
7722
7703
818
451
8557
2049
2424
4069
2967
9599
2342
5896
3810
1482
3747
6577
5968
9051
3773
4275
2726
7398
7545
1437
1463
919
8452
5672
315
7743
1506
3268
9208
5258
3995
6103
7818
7836
8198
3640
4523
8115
5436
3715
1377
7616
7372
1876
673
8600
9949
2222
536
3791
4304
3096
9875
2295
2059
2629
2122
2172
4434
238
1804
7947
9331
2450
5353
1729
6596
6110
3247
177
9141
128
1300
2430
3979
7981
9265
4246
8742
7600
9479
4461
9106
952
9180
3378
1079
6258
4023
5235
4002
9256
825
1910
8181
4582
8801
3038
6530
6514
4847
4823
2593
57
2646
3472
2231
1876
3803
7600
9031
6318
5606
2644
994
6787
6810
7107
3241
1909
5254
2528
854
2539
810
8153
239
7424
8351
3443
3227
4679
6172
3041
9632
5493
6292
8449
9577
3346
5282
659
9853
7787
9066
7271
1742
2132
2196
4166
183
1713
35
7111
6996
2117
1410
4922
2426
534
3401
204
3521
5087
4329
837
2485
4860
2666
4817
4635
7540
2147
8993
1488
5589
3566
5275
6704
623
6843
5493
2587
7517
9962
6338
9741
6108
9787
5231
2329
5445
971
9248
9991
9860
3263
2568
6917
3068
8963
8994
7202
2824
5366
2533
4937
1784
1145
1964
4538
5950
6500
8391
1185
4819
6180
812
7152
2772
8804
3685
9557
5378
1595
3916
6710
7379
4433
8772
1145
1013
3492
2100
1706
3507
2641
8748
2081
3435
5626
6864
8386
7129
7543
2580
5115
307
5017
8013
760
3577
1736
8165
8401
4269
5884
8210
8462
2365
9833
7798
9747
2238
1371
7779
8300
5692
8096
4212
2085
3059
1070
560
1882
9390
6531
4465
6936
1188
6611
9994
6544
6177
4143
804
3820
8964
9946
7833
4796
2180
6671
4886
2124
7685
2246
558
7388
9075
5409
5312
6327
8851
8939
4077
946
8054
8278
258
675
7030
5928
8712
4263
6695
7359
9522
7637
8846
3052
4378
782
7524
3028
8560
1643
5727
6907
9830
5323
2952
1037
4125
2793
9124
235
4641
3354
6658
7401
4867
5463
163
5705
1884
8581
3012
3750
3152
1586
9723
9346
2206
7230
5041
4662
9082
2860
4617
9176
8970
8651
4945
5204
9901
7942
9470
3119
5060
5745
5134
4565
8858
7868
1845
3924
3544
6104
2451
2816
2820
3825
8079
3656
6013
6500
1097
7907
1775
6968
211
5888
5471
4400
8237
802
5998
4783
4428
8756
3024
4877
3012
18
885
3867
2644
6749
9433
7426
8894
8747
1235
9838
1257
9998
5407
3198
9321
6951
2408
8571
7185
1870
1616
3251
6134
9007
6467
5972
5098
456
5874
7121
9450
9374
2811
4396
5078
4623
1401
4317
3998
7466
6056
322
9875
3676
4783
2611
8812
1025
965
9894
5529
843
9681
9540
2705
9259
5130
8823
1276
9991
4514
615
8276
1000
2442
8088
2915
2748
5583
8385
8647
4636
6875
248
8315
1171
8052
1070
7711
8922
6122
631
1909
239
1212
4708
3178
4089
9697
2086
8454
4734
2788
3995
7717
562
7874
6520
9197
8251
3090
2719
9075
6084
7055
8129
4517
4718
5133
4860
6634
3414
1622
1702
6800
8727
2700
548
2573
9125
9468
6802
1490
2285
7874
5640
6206
5496
542
1254
7700
3889
9880
7176
1846
3514
1635
8614
9706
1717
8988
5363
2069
5467
2290
3856
4901
5182
3169
6968
578
5750
3750
5401
997
224
3180
6536
9346
6931
8798
640
3104
3842
3464
8798
9999
7533
6851
7467
2024
9622
5498
8721
4759
9420
570
3138
9969
6056
4925
4150
1705
3569
342
3004
8550
3346
7668
8764
7861
9397
5869
4679
4611
3883
4755
6153
9397
9985
2199
146
4424
5661
3887
7129
4004
7660
4070
7175
5078
6651
827
322
3553
3077
8245
8845
1376
4963
4441
2216
3957
4439
2376
1524
1498
7157
4023
1779
5181
7130
6270
8166
9981
7733
9979
4363
4513
7665
5796
2633
6227
192
9819
1754
7127
9499
4766
171
8034
1057
4380
8296
8961
7707
9217
9590
7817
816
121
7744
8132
9980
6500
3373
6867
7961
8925
3221
9170
6352
9696
7529
9215
1400
3886
2685
937
4386
5774
2755
4633
9893
421
8030
8292
1030
7140
8348
6859
8267
3821
3616
2495
1933
7001
6776
8592
2821
4008
3963
7874
4355
1352
970
7697
3254
8658
1796
1478
7302
8182
2794
981
7703
3639
6389
3106
130
9948
130
6636
110
6278
814
2651
1427
2472
2047
3891
9171
1676
1140
8781
3304
1532
6095
4232
1192
5153
5660
5320
2040
5583
6786
4032
3072
8322
2084
3877
4077
7619
6307
2190
692
4361
1796
947
6491
4795
3572
2974
4976
1569
5739
6678
6253
568
1808
1714
7860
4668
4131
2984
3994
2588
2234
9879
4166
7266
6812
361
8220
8729
6327
2143
5512
5120
6417
5748
2933
6491
4580
176
5659
8175
7080
6218
330
3444
8795
3186
4706
4228
2431
4719
987
8003
6884
1199
8960
2540
4587
9474
9663
8498
356
6394
1001
2810
1264
2807
7981
688
1968
1598
4054
5323
6797
7683
883
5415
1884
969
4420
2235
1144
3447
8498
1306
2035
1868
8615
9413
6991
8175
4343
2597
463
6983
6234
742
9399
7937
5377
9819
9342
4056
9517
5827
8756
9763
4884
5392
2664
3089
214
5470
453
2860
489
2292
9496
7021
2480
9563
6352
7515
7726
8740
4809
6862
9174
7834
620
1908
8875
816
3223
5191
6039
443
5945
545
448
7411
315
2251
2423
7656
135
1599
3857
480
5344
3806
6240
9622
3765
8735
54
6480
8822
7517
3766
8638
7824
6665
5342
2579
710
4107
7060
6295
5468
1210
8270
2020
6220
9965
5478
8300
3802
713
9269
136
9486
6238
9535
1941
9644
6703
6880
5881
2318
2837
1577
4026
7414
6999
5163
5330
312
8562
949
7053
2369
1956
5419
9289
3263
8892
3266
3884
3205
4475
3451
5071
7130
2089
3482
2342
4215
4639
3844
4093
9288
258
8874
3996
3355
7061
8732
4674
6670
1601
3980
427
3229
9842
8634
7113
284
3292
9194
8550
8162
149
335
112
7720
9282
8762
6283
4375
7227
6466
7854
2551
8944
112
1128
4204
5578
243
1598
2776
8283
2586
1744
3693
4549
9665
4683
4455
9362
8154
3593
4095
3859
5508
3449
1172
4327
2224
2298
6949
9348
8280
384
8630
6317
3947
9684
536
4527
6498
3132
1481
3706
3708
4523
9292
2245
6090
7719
7425
9837
7513
2150
1959
4540
886
8882
8048
7014
4350
1693
5861
7810
7706
7427
5629
3001
5332
7237
2917
7108
6529
5424
5850
3577
6288
5566
8041
2255
3903
9939
6469
944
2160
3773
5779
2407
4862
299
5949
1475
6324
9541
624
6233
5742
9058
9954
3373
147
6835
7316
4266
3793
7485
979
8244
4078
4324
1733
8309
8010
7672
3709
2549
9948
7415
4730
7670
4826
3640
7984
9176
1184
7902
6270
3236
6972
6037
9571
1865
8673
3561
762
4833
9192
5180
54
2781
9903
4606
9002
2602
3134
8255
5721
6027
9824
1091
8523
7789
847
7825
9325
8284
6746
2512
1076
2407
32
5163
9052
8907
8535
7302
8785
1566
2327
6977
7545
3511
8776
8693
1679
2270
6157
494
5839
6706
8193
7783
2713
5557
9284
6408
6909
3595
2901
9247
8200
176
4928
538
3889
4779
2491
8855
7971
6692
6840
2092
1258
1926
7085
9987
1862
1918
7787
5671
4676
6993
3663
6643
4091
825
7832
9588
5370
9892
390
8643
1847
6555
3039
1391
7399
3387
5980
6546
2172
8243
9656
7161
5545
9656
1705
7274
5200
5319
4290
1694
9821
3265
7568
733
3832
5508
5912
6625
135
1251
713
4817
4913
5935
3976
413
4724
3669
7831
9713
3853
5908
4029
3149
2580
7028
3808
757
9801
1014
4536
1037
2666
2375
5320
4397
6117
6539
6492
8629
4883
1337
6447
6474
9004
751
1884
4047
8354
7964
4288
8096
2589
9538
3550
491
2637
8640
8585
1865
8906
7873
6514
9658
7948
1626
5700
7144
4520
7798
4313
2050
5882
7782
7002
9345
2684
1972
9692
57
5057
5280
7550
3778
8716
2052
7488
4771
1066
6844
6124
8347
2415
3767
9747
6462
6883
5128
7453
8253
5237
9988
4489
1155
3136
4011
4007
6116
7507
296
2499
3807
1379
7513
9493
5512
4927
2571
355
1696
2113
4394
3611
1784
6013
3116
5812
3475
1935
1760
4108
4659
4552
8107
2110
6904
566
5170
6153
9960
7945
6037
1658
456
1069
3773
7757
187
59
7171
3085
9098
4046
9622
2204
4996
1777
7267
148
1447
1963
7845
417
1709
8529
2854
842
200
1628
5019
6113
7989
9117
8926
7703
8310
2706
5237
7303
4538
7309
4473
5980
2827
6511
7240
4149
9695
5621
9422
6869
6939
4363
3881
1342
9360
6171
3654
7151
5073
5633
8790
2612
6944
1643
3380
9362
1323
8978
6235
5116
468
6796
5624
3278
8593
8122
2761
5651
2667
5421
9174
6431
9175
56
6281
1862
5852
1265
4819
6746
9461
5684
7310
5354
4498
1062
7705
7401
8450
5088
7724
8230
9528
683
9894
3024
939
5205
9586
7542
1430
6472
501
4745
4350
6266
9351
1196
8984
4464
6574
5571
4860
4070
1395
8628
629
7612
1196
8563
763
1247
4058
581
6689
3149
9277
3940
9241
7533
2659
3073
8103
5772
164
3765
8334
9182
3635
3548
9174
6204
4613
6557
6807
9584
3207
6692
1086
6255
5489
5723
1118
7247
4005
7494
1130
3492
3307
9762
8680
4925
4808
259
5211
9311
5533
4309
7895
5202
1279
4615
6894
3104
5882
2767
8819
8462
22
2159
6609
2470
3217
5969
6188
329
9675
7924
9261
565
8278
5186
5003
2209
7755
5381
5110
4369
3602
9860
8179
6676
8538
9726
3253
4413
1532
922
1502
4314
4682
1835
996
2887
5810
4
5350
534
1840
1085
6108
6812
7750
8201
738
3970
3090
247
8084
6485
7295
6620
4392
7301
2351
6970
5451
3793
9621
7002
1878
2751
119
5558
1415
2765
4003
7908
9515
419
5631
6246
9256
3919
8550
1580
9794
9524
9589
1697
4080
3302
1064
3476
7278
4173
4868
7334
7040
7935
1742
6540
2179
3629
3504
8975
7548
3714
712
2384
1681
2545
3395
4735
9477
5636
9420
6444
7826
1498
3404
3777
8512
919
3222
3894
2810
9789
9871
5516
5226
5094
3446
5919
6718
9365
1229
7149
3269
1785
6926
7305
9312
4286
4704
1888
6361
5725
2709
665
7765
3273
4631
9715
1975
1733
8924
7727
3808
2271
7438
9915
5913
2631
6701
2665
671
5182
1365
9167
120
1193
9657
7555
6282
5007
8139
8756
4175
8476
4118
9059
2185
8652
2718
93
519
3410
9090
6031
9794
8582
4531
6520
8520
2021
6156
287
4198
2195
1264
1913
6825
9787
758
8973
8008
5173
4516
1879
2414
3275
6054
7626
4060
8817
8729
1906
3067
1801
495
4426
2295
5372
6275
5514
2581
4229
4999
4257
3370
8889
2630
8373
6293
8774
3495
1273
174
7535
1910
3628
1201
6344
7388
8208
5742
8780
9210
2724
1826
8223
3443
5440
555
4190
999
3932
7642
409
5975
2536
8587
5737
2039
8623
1615
4196
3198
4288
2020
3773
5348
590
4611
3002
6825
6120
4952
2197
5537
6824
8781
9600
2474
9397
8370
9726
1368
6422
2767
8067
641
8336
8445
6838
783
5068
3360
5108
8922
5815
9981
7536
6432
3907
2367
9261
7568
8483
5762
8416
4858
1830
7045
8370
2508
3707
6715
7009
1431
9907
2597
4201
6225
9564
295
9299
8013
1739
7730
8901
8391
937
5590
3222
2739
4122
5944
4231
6375
9565
6582
6219
3281
6528
9657
6621
7229
204
6441
9497
45
3403
7327
1471
5033
4041
5970
5033
5643
4293
1697
6563
7983
488
7282
6267
9596
3667
7345
6173
5004
1416
4220
2257
1742
7814
6759
2145
3399
5201
9199
3367
2389
2245
1674
7809
9310
7883
4483
2752
3040
5166
92
6460
7362
8824
8602
9456
8395
1416
6113
8000
3888
738
2796
4026
1961
3425
7495
5197
6927
9453
2443
7897
1862
6662
5628
1499
1879
3160
8530
7764
5633
8641
9661
2362
6988
3995
7074
5354
2679
1628
5198
2390
4956
2615
9795
1836
3702
288
6258
2859
5641
2510
2983
4987
1736
1533
9273
7566
9003
4135
2574
4126
7893
771
2913
8625
2157
8585
3802
4185
2930
4183
6422
9594
6690
2138
4823
4247
2412
3241
2572
8716
5981
9920
1357
9086
3674
9135
3216
5002
6863
8169
5806
5972
8095
2458
1116
6958
4799
494
3732
5158
9407
5380
9123
9946
189
8291
1981
9273
8175
6145
1520
7680
7767
3728
6622
867
1385
5498
8501
5313
6732
4697
2082
1980
9314
5517
3822
5165
8290
9801
161
7275
2321
3558
5150
8586
8064
1118
618
5509
4739
5234
1612
6132
6112
2609
4421
9155
7914
9474
5335
9750
1614
461
2875
4997
8175
529
7258
7762
8645
5051
9622
3594
1151
967
7050
275
8345
3612
8626
410
3397
5145
3203
3983
59
2056
73
4437
517
9231
9155
8922
8334
6335
6906
5294
7388
4445
5229
9929
5787
6136
2389
6333
8337
9088
7989
1517
3387
1182
872
6037
2622
3949
9461
9880
4326
663
7880
3568
8883
7640
5522
8959
2170
5009
3870
7404
6040
1049
7512
8453
4428
2285
9835
9744
1533
9416
6237
122
4380
2617
976
871
6864
7049
2766
3732
2084
6472
8982
4212
5245
9694
8014
2200
9110
4589
9455
2461
2592
3341
5074
3051
9339
161
3078
7072
6221
9559
8949
7189
6727
6185
2817
1558
7585
2812
7994
9156
3810
4026
2202
1530
7355
4501
1438
3351
633
891
127
7352
6711
3378
7681
5481
6999
6001
7416
7434
4720
5093
7255
3282
4855
4268
4595
3652
4822
1381
7688
4296
8813
3635
3438
20
1681
4714
192
2333
3963
2127
4324
2113
4096
7268
9123
2551
4876
8643
4519
2761
663
1050
7421
1638
6825
7169
3137
9355
990
7105
1173
4746
7159
4586
7742
41
9467
2971
79
434
2697
2574
465
7876
9566
8710
2370
1525
603
2292
8252
7614
8006
1307
1956
5277
8068
5739
5635
3954
7358
4705
9598
7282
8297
8408
3482
2432
1144
8721
3903
4244
2602
6191
1361
6866
8032
8763
2941
8849
4184
8295
8544
7966
3333
3306
304
2505
1687
5340
4875
2790
6014
5259
6259
3240
653
9614
3807
1648
1171
5591
4829
9644
8088
3820
7325
1880
5881
4444
4060
9692
96
6077
3988
9638
2417
674
6246
9572
347
4014
6212
159
2348
1606
2880
4890
9809
1596
5567
3445
2293
8353
584
47
2764
4651
560
1840
2419
8673
5417
8369
9184
1217
1717
3539
6841
3325
4605
3860
2264
2283
1561
900
9781
1689
6559
7397
5474
8128
944
804
5907
7681
7288
6088
1466
3431
7976
1719
1714
9319
6467
7115
1533
1616
1382
3789
9465
859
8190
8857
2028
4711
1613
3127
6084
1830
5107
2138
2739
7871
6831
1455
6184
6969
8728
1401
7727
69
6349
7180
973
5292
1663
7124
4522
7266
7491
4819
2124
9423
6186
5030
4737
4167
740
1987
6271
6067
3864
2662
2912
3110
9072
3635
8117
2620
4184
6919
566
9013
6200
4652
9903
6842
8367
93
3233
5953
2914
9177
9730
1569
9558
1415
1434
8145
9057
547
3845
8957
100
1990
278
421
3079
4242
3947
6096
6019
6652
8596
1295
4502
3194
9253
1021
8844
9868
4950
7183
165
2166
6874
4977
59
8807
2181
9653
2561
8458
7528
1696
1060
9836
8966
1250
8537
6592
7532
826
9345
9534
8326
3936
2564
120
9568
2443
4651
9991
4364
1734
6289
3956
5162
9068
9484
105
9631
3686
7198
3932
9587
6607
6065
2031
3849
3339
3700
2720
4148
4100
74
8731
2747
6593
9808
9786
2637
2441
5696
1360
215
4042
3661
4695
4137
183
8207
9054
7795
3954
7761
9482
4254
3567
7940
3605
8328
8547
4871
5293
395
5973
1829
8878
7638
4491
7033
741
9336
3523
10
4992
9099
4822
583
6608
8600
8993
6140
9652
2396
9210
7190
6357
6371
2656
5265
8674
9091
6120
8710
4067
6005
8857
2592
8915
3819
5089
3125
2524
7226
5747
661
7833
2586
6228
4553
3116
1684
2416
7566
7978
1017
4737
8560
5981
2565
1188
6113
6435
8044
5588
3230
4108
8202
8426
2079
7952
100
5620
1549
1892
6700
2428
1211
8304
6415
6178
6685
7390
1890
2891
9180
9305
8064
991
4210
7145
2667
3139
1228
2604
149
5116
3814
5327
2283
891
4553
4870
9215
6527
7829
6536
4437
2652
5867
4874
2680
5497
8533
2244
755
290
4467
4667
6295
634
9739
8534
123
8944
3602
479
7047
1928
3288
2693
6909
3762
188
4181
1997
373
8185
7160
4617
8521
6316
5455
5481
2860
3582
539
5273
6573
8034
2148
721
1929
2975
2991
5094
2001
7198
3921
7968
1134
8391
1004
9135
9430
7278
9948
3476
1771
5639
5959
3916
5677
5109
3348
360
6873
4380
7219
3119
8483
6005
5750
9355
9164
6443
1429
4111
4466
2057
1331
744
4756
5697
4647
2002
7147
5434
5168
2896
3344
7261
7783
5337
6689
2504
193
9633
1920
4340
6954
6430
7868
6649
3295
7116
1593
6178
3872
7017
7304
3185
2337
9031
7793
3932
8968
215
7542
2875
3245
8883
3503
8897
5530
9358
9591
1219
3903
7194
9792
4097
478
1050
7329
7860
2995
4731
6464
2952
6114
8305
7766
9038
7920
8539
2330
2517
8503
6781
912
2250
4133
3935
1341
7797
7163
377
9563
7594
3005
5417
9383
3621
4089
1382
1600
4088
417
6180
7819
4173
2941
1143
6521
7023
3247
7038
8974
8642
2504
4225
7269
6529
5809
42
9024
8410
9104
483
1166
5269
3031
6408
1384
7810
1356
6398
8584
2280
8143
7593
6434
8184
9703
111
8677
6458
7192
8274
3585
1662
7320
7561
3397
3138
6889
8725
3449
4415
8011
2048
4801
7717
5791
747
765
7827
8787
8794
3962
9129
2877
5007
8776
3556
9063
1509
437
7743
2393
1507
9484
6024
4997
6719
5988
8165
1625
5721
3252
1266
3256
1954
6157
9479
8519
7360
7765
4841
2915
9629
9771
6841
649
4645
2488
4607
6123
4259
4757
9490
7395
6055
7107
6111
896
7209
7461
2333
2527
3642
474
87
3472
7892
685
1143
2689
7334
8834
2761
9188
5321
7637
5320
7009
678
7945
1315
2244
9451
9672
7849
7468
2824
205
7178
5367
3476
7863
4594
2898
2206
4624
6666
8106
9809
2430
7353
5643
6723
8246
2282
1688
4436
1945
3943
8056
3651
5757
4684
6937
770
3194
3780
7214
6237
5194
4965
8749
8340
1620
1023
7308
5649
2989
9656
7653
6668
31
8259
294
7895
5344
3924
9853
8991
6020
8961
494
5014
4166
4341
1997
2208
4112
9004
4009
3153
9979
8166
6127
7565
8203
6722
888
8516
4992
4666
4294
8362
333
7817
320
6333
7852
6996
1125
4478
9592
5894
8198
3407
5619
4531
6936
3405
6408
3421
3520
19
2986
6047
2174
3463
9797
7633
1959
4594
2797
8127
1210
6169
7003
5246
6169
1681
4338
6184
594
4402
3890
8623
8877
3019
7555
9405
8025
5521
9293
1999
3619
8103
9528
3527
6523
3928
5054
751
4569
9623
1069
7555
1510
9734
6755
5491
3007
7469
8151
815
9037
1372
4215
6716
5110
3114
2362
8846
3740
1797
3017
6945
6046
1262
3455
3571
8454
4801
1222
4260
2187
1173
1117
7564
5258
7986
3033
7443
8132
1839
9424
8528
80
1639
2853
9744
4391
7777
6169
6844
1958
1291
3822
9055
9711
2095
9968
7031
1812
6601
9890
7412
5936
1804
4183
9823
8851
898
4560
9005
904
1287
6390
3760
2263
6970
2722
8450
7854
8974
21
2557
6782
46
8985
9749
2826
9253
7754
9814
7380
5659
7884
7902
437
4779
3433
7690
7891
7631
554
7482
1553
4311
3691
3886
3728
3784
7545
8609
5858
7676
2067
8526
7115
3276
5611
7172
6958
8813
1475
728
5178
6384
7183
2225
6357
7091
6179
7233
6724
8749
5427
1412
9564
9439
7548
6938
737
2575
9003
2812
6570
4779
7811
5895
8120
1163
1675
242
3946
6828
6832
5871
4231
94
2421
8115
1938
3467
2926
4795
7156
4832
7691
2034
5250
6129
8217
2655
6379
9206
6620
330
7376
4682
5676
9230
2246
3816
2680
2743
8261
4554
9203
4479
3630
9285
8486
4587
9862
2787
8237
1247
5989
5918
2664
806
9549
4642
7933
6988
6614
4313
2453
885
3316
1899
4186
214
2362
9824
8985
6442
6834
6518
9479
4555
8606
6598
4343
3771
7695
3322
7915
321
4194
8123
763
7645
4328
4468
9673
8062
5441
4
7733
1603
9433
4946
6306
2308
9280
5062
2775
1513
2968
8529
1018
548
6826
5417
4012
341
2592
6069
6637
404
2159
5996
8508
1678
3581
2523
322
9911
2790
332
2649
9240
9346
9722
9219
3207
8708
3723
6785
3334
3390
4208
4084
3456
775
1138
3467
6266
382
5833
6227
1784
4992
679
4816
4093
2983
3712
4375
908
2626
4453
9748
9908
2062
8013
2060
9055
9086
5566
4026
1972
2628
2837
7880
1117
4981
9451
4699
4239
550
7957
9270
3526
85
5966
3553
6742
1980
5288
4477
5657
816
2793
1255
1917
8247
95
3399
2426
5319
2952
7905
6391
1901
8668
2222
9846
376
9619
3831
737
720
8477
7097
9345
1507
2601
285
6060
1512
4652
9274
4796
480
979
21
2883
4728
5413
4809
8539
3676
8412
4708
8696
8275
2915
9269
2733
1077
2898
2576
4527
7032
4535
463
5544
6933
6960
7441
2761
8870
3699
5657
9657
9556
3848
8997
7493
3073
80
5263
9558
146
1207
4034
6329
7546
7223
8106
1732
3983
2150
5123
4803
9990
1167
1074
4429
3272
5815
3678
4971
342
7092
460
2089
7208
454
7550
4149
8551
7572
3483
3880
7800
898
516
2643
1708
5200
4792
7205
4310
5786
6201
157
9155
5393
886
4099
2690
2236
4902
1155
9926
6292
382
1868
7560
5618
4185
2280
714
9769
3577
5965
6528
2070
7012
2773
5537
2190
6635
460
9344
5360
3206
5325
4388
1006
9625
7239
4068
5135
856
5419
420
4294
774
4679
7953
6011
3631
2827
358
7940
8902
858
7473
1738
7715
833
2649
961
8393
4831
5677
2319
8722
8466
4068
8216
7616
1982
7325
2392
9828
5042
4909
5812
1866
7377
4820
4941
5236
4014
7798
3809
795
9261
625
76
7345
247
4719
2096
6231
7302
648
6811
3565
9454
9565
1034
9785
6874
3666
7627
14
3623
8177
4944
3856
7652
1638
8427
4075
9214
9668
8674
7208
809
1716
591
1340
8941
8001
2750
3327
6512
4809
6730
3468
6845
4544
4925
9866
6034
3589
5650
6850
7540
4482
3966
8072
1763
968
3213
1493
5199
8438
8010
2655
1149
3646
4692
1036
604
851
1197
4584
1598
750
2848
9819
9083
513
2970
9009
6259
6512
2439
4826
5861
2824
1766
5129
3425
7784
9318
5123
9840
3666
603
241
8298
2312
5414
5257
8959
9933
8366
3001
364
6490
9084
1867
8409
6124
1811
6764
5129
4323
2920
2035
1120
1801
5564
3474
773
5810
8042
3444
9883
1368
5612
9611
3865
502
444
1488
3479
4671
7609
2706
1812
609
1794
3785
8512
8407
130
5375
4567
4699
8162
7561
2763
2252
9030
1395
7722
9178
6668
4718
1134
8652
9844
5590
7107
790
9687
1304
5965
8533
6081
6089
5848
7637
1269
2406
5676
1777
5821
9696
1086
8349
1468
8925
2526
1353
2331
2949
6917
3060
779
8005
8230
8623
4822
1978
303
9731
7524
2943
7497
1791
7287
6225
4893
574
1944
8450
7973
2798
2473
7172
2287
6797
9272
9932
5439
3713
2383
5200
1406
5020
1115
9648
5422
9483
6533
2501
6974
773
6383
1645
4856
1110
9840
8303
7285
435
4825
1940
2857
4581
3461
1295
1406
7923
2286
8287
8738
7164
6904
6917
8982
4261
6961
4275
3441
4968
2785
7986
6009
6609
685
5774
6556
7384
4166
366
9341
7528
5692
6810
65
8308
742
7277
1351
3907
3343
1746
8548
4173
1902
3198
3075
3743
8392
8832
3351
4389
5124
6392
4046
9141
6418
3452
2647
6863
4333
894
6763
1621
7072
191
4286
5475
3707
7656
8952
8010
2530
8340
962
2853
2186
475
4176
211
1819
1125
495
2126
2183
2295
1606
7538
1076
5463
4130
7302
4293
9235
4714
8466
7667
6071
9900
9125
1368
7205
7895
1883
7647
4064
8728
5457
9623
2828
2114
609
4385
4922
4649
2129
8369
7069
7467
672
9241
7882
6143
5240
2497
413
5354
6554
9867
6593
1956
692
8131
7461
2388
2511
3039
5721
5850
2155
6566
5456
1025
5034
1659
1727
9977
508
3987
676
4640
8704
8521
5585
1845
8298
2578
7418
8083
4267
2252
9867
5996
1237
1828
9476
6846
8608
5129
5540
2125
1223
8127
6216
1149
4999
4191
7737
1486
1256
2068
3088
1056
1514
6819
3825
7909
7236
1819
6769
5083
8639
3728
3569
5178
9369
8269
2967
9245
158
628
165
3149
9903
969
1864
3817
9615
2751
5607
6677
1137
7433
4067
5393
4911
4275
9099
5015
7929
9230
8040
6623
8811
1565
2310
9492
5710
6486
5834
2670
3904
1158
7885
8369
7645
4985
225
9246
4623
1641
3557
4767
7421
5969
123
6518
3682
846
1045
1345
8211
6002
4507
8920
6785
4293
2443
1492
7590
6683
4684
9735
9804
1143
7789
7863
2690
6381
5177
5355
3657
7170
1155
7878
5077
7236
4466
9946
7024
6703
3624
6463
5995
4208
2355
2053
6122
7441
3599
5977
6742
7786
7597
7058
1282
8283
2066
1475
1608
5513
8068
7741
9427
8505
5177
876
7888
9442
1943
653
9746
6884
3003
4654
9034
9255
9648
9368
7920
6285
3337
5110
5069
3395
1415
7515
2936
825
6696
4519
8640
9671
6851
5856
6822
6147
2932
3177
4417
2344
6698
4773
6632
2013
3666
7885
9982
8118
1972
6620
9352
3876
7448
3472
9112
4098
2654
3045
2308
8510
1752
4757
168
594
4886
6533
4874
4937
3508
3510
4665
80
8631
9800
2874
328
4451
9289
9060
2424
812
8603
271
5805
5535
7968
125
3572
4797
6886
7749
9218
2559
1630
3597
3421
1769
4780
8473
2525
4327
4788
489
5452
919
7498
7660
866
6046
7059
4200
3280
5352
8461
4827
232
1154
9022
8546
4296
9204
3924
4963
9295
451
8642
2135
659
589
64
7861
996
3166
5963
5645
8447
4475
5817
8141
6101
1953
5931
9567
4980
6213
5839
5745
7399
8324
8019
826
570
5954
5858
3952
3909
6541
9348
9970
7294
5073
657
1125
6420
394
5350
7143
4060
5610
558
3333
52
897
3374
8609
4771
6655
973
9808
299
3961
5443
9303
8987
8282
8304
321
4593
6177
5429
1983
1210
3137
6989
2302
1549
1770
5257
7583
3281
4965
7141
7023
8002
7026
9858
7664
9921
314
9766
9820
7563
7182
4756
107
5925
187
3204
1307
65
8563
532
2775
3390
4363
8455
3569
6444
4983
4843
7741
8763
9934
8577
1175
606
1553
4109
8099
9188
3172
9406
5312
7510
4033
8852
7635
4940
3040
9160
767
3152
7361
1575
9139
1256
7986
3847
6271
5480
5680
3209
5227
3952
2374
3843
1015
9614
7876
8925
5278
2668
5286
2532
1909
4114
4476
6565
5692
2254
2406
5984
1057
6393
1844
8274
4016
4243
5304
631
3096
6595
4790
7182
1823
8770
6870
6489
6589
2581
3533
5495
3329
7704
1077
1151
4020
8756
3442
4487
8440
3226
3582
2279
3572
6183
8748
7985
5270
2222
9368
285
7436
2905
9146
5021
4154
124
1826
8534
7064
7831
239
155
9968
2591
7516
8806
9438
2794
3348
6102
2909
154
4112
9984
8915
4524
8483
1705
1037
7241
2604
42
2006
5179
662
9428
4400
6812
43
7843
9073
1934
762
5619
6628
4191
2718
2493
794
1618
7151
9763
4257
4584
6093
8404
2207
107
1765
4602
6954
6239
3901
2863
4666
998
3429
492
5435
3274
7812
3726
9160
1749
4663
2191
6992
6074
7054
4217
5101
3544
8553
6425
2598
3114
5459
618
9885
8366
9525
7695
6435
3552
4686
9773
1052
8312
1797
3923
1389
3727
7785
922
7823
8979
3619
6709
8661
6757
5746
6593
2885
9401
5985
4563
1781
3094
8903
9656
4385
9778
4590
7320
8512
4114
941
1214
6850
4588
7175
3537
1852
7293
1472
8280
4714
1737
9640
655
4596
627
3980
3482
9722
5881
5890
5434
3783
9954
8850
8911
7863
4704
5009
7886
1955
9171
2359
6179
121
4677
8263
7651
2293
2143
1184
4739
7012
9437
8537
6809
5264
8174
8106
2532
4919
3900
3316
3067
1000
611
7149
8306
8119
6758
2953
9186
2364
1326
1730
6313
33
6438
5390
6788
4876
8774
3747
5695
8453
7103
8746
741
5143
8897
1224
1941
7209
718
1812
4310
6038
6644
57
2250
6000
1334
8497
4843
6101
8586
7958
4272
6432
5353
5059
9613
103
9842
2611
9613
8009
6269
1590
8689
7493
6480
6233
9930
2187
8145
338
6345
5087
3535
3304
8738
8250
2686
5452
9622
3099
3690
673
3539
1786
6628
5352
4489
7491
1294
7109
3154
13
4221
1772
1358
249
1542
4326
4904
6474
9122
3009
5045
5546
2918
3846
1598
760
3203
209
5720
8176
2161
627
1689
7224
874
175
7103
9508
2506
1470
6555
3434
1962
6878
581
7235
7423
9895
7832
386
2539
449
7567
477
6304
620
1750
1575
8498
7744
2241
6602
2412
7088
8359
1717
7291
6814
2639
9949
9871
3167
5064
9856
6226
3866
1106
4227
7084
4100
1488
5174
747
2627
1179
5153
3158
7391
3464
6749
4995
1992
2860
1426
8871
5610
2059
2418
9047
8799
9704
4494
3703
704
929
7369
204
4568
1712
8479
6284
5931
2999
7689
984
1137
4453
9062
2627
3793
988
3517
3320
156
7453
7497
8540
2812
6293
2459
1060
2372
7429
5983
7538
9956
4395
1313
198
6806
5791
148
6791
7623
8142
5005
2740
9712
6563
3818
697
7114
9126
4152
9584
5699
1923
6945
9211
2618
6679
4216
2939
140
2172
4547
4248
8878
4438
8181
1555
496
6129
4153
5858
4318
2974
3250
2564
8513
5709
9487
2073
104
627
9583
3841
9578
9053
2745
4630
8409
4139
4647
7822
9683
917
9783
2114
6149
9613
5578
3474
3688
4264
1277
6825
3201
6149
3140
191
3414
7022
8966
5333
5208
9994
3413
7233
3699
4795
6960
5639
3113
3413
6086
6399
8272
1825
4265
5568
3591
1868
5358
6347
7606
818
1566
3823
682
9906
7276
5363
7976
5772
3518
4968
3471
572
5702
9828
9373
6975
1390
425
7678
7635
3437
3300
6584
3935
8821
3713
645
3710
1445
692
1135
6080
2670
839
3374
7163
8753
7335
9050
6029
5788
6692
3376
6969
2824
1747
3090
1880
5350
7793
5295
2834
3583
31
170
8040
5097
4611
5866
8617
6794
9133
9708
1557
9387
7336
2514
1596
457
457
3201
2187
3170
2080
3285
5373
621
7949
1126
505
9086
58
4804
4986
9032
4594
7477
7295
8532
571
176
1281
6913
8087
8729
3951
2467
2252
23
5178
1069
304
1085
542
1906
515
8128
4585
9820
9815
3612
1919
7555
9536
152
2661
2410
6572
1013
1941
9704
2744
2045
6508
4682
360
1986
6565
6469
542
3691
4110
7422
2344
9111
5891
2612
742
1845
6041
3943
6074
1466
9800
2301
4350
4408
2225
5497
2142
9679
5923
7441
3182
3054
9577
4473
8234
3234
9108
4715
5633
3994
3286
2508
7118
1496
5738
2209
9730
1142
8064
6263
5937
8768
5510
2317
3248
5527
6198
2324
239
1006
4679
8948
5125
7535
90
4821
6653
4912
4652
5451
9036
9759
1599
8472
4161
9633
7653
9462
3308
4414
5581
2185
477
6905
9246
840
4631
9908
1201
7903
7557
2104
9925
9535
9975
450
6789
6088
7721
4652
2815
7272
4510
4667
4418
1202
3801
5060
7472
9055
3028
6866
7604
9887
7310
7120
3406
363
3205
933
5555
4260
4416
4053
500
1800
2981
1792
1234
202
3414
1069
4421
8196
1822
7994
5812
727
131
2984
6053
1447
3423
824
2033
6389
277
2956
2369
822
6260
2355
6162
6690
6530
1469
4250
620
517
5
4337
1865
3914
8426
1591
8022
3980
2957
2564
5352
5607
9720
2549
485
8244
6257
2052
7276
6742
6501
4792
8455
8929
5007
4545
4099
3019
9048
8405
1389
2834
7614
3409
1831
646
3818
7950
3853
4848
1458
7935
6493
923
6042
8392
6480
23
1371
9544
2928
5581
1284
9361
9208
7995
3257
9437
9262
6808
4357
8833
8391
4579
4800
5008
572
8453
2434
4259
8312
8376
9669
6905
3448
7307
9873
4567
7057
8633
3155
6577
848
2783
3298
8963
4681
6553
9101
3126
2091
8317
3004
8596
7209
7851
7344
3985
9718
5708
3983
7689
4444
8211
2450
2561
3458
9478
4085
7439
8083
5611
8266
3419
8816
5300
6518
8888
1537
3194
4631
8960
967
5560
5729
263
3243
7340
8189
4016
9248
3868
418
6235
6860
2936
1869
715
7402
3471
3348
805
3430
3944
3574
5113
6296
1708
3287
8844
8055
8508
4877
157
7850
5683
8965
7237
7502
4759
934
4047
9242
58
6208
8135
4936
6599
8856
6445
5081
5143
9629
3563
2375
7166
5988
7026
2364
7601
7859
1164
4153
424
8449
8701
6849
7208
9762
996
2806
760
9392
1898
1697
2624
8825
8592
4426
254
4630
5648
2913
7835
5631
3606
5052
5764
3289
3572
4029
1032
764
8508
5028
7182
4522
141
7176
9116
2515
9804
9450
3978
3386
7316
4736
4322
2554
4736
1130
3121
4216
7718
930
2888
6628
5954
7681
1041
5046
4543
3244
8655
1439
6384
2867
4511
7625
3881
4633
3093
2814
7643
457
2173
9548
8658
1492
3878
9307
4650
4336
1798
1860
8339
7064
3137
2668
1726
5584
7364
4825
282
1077
262
6290
4387
16
3678
1719
9363
7495
2607
5231
3537
2785
2364
9421
2260
1096
8415
869
6796
2037
7438
705
6939
1534
2978
7011
1354
8409
492
2185
5559
7322
2150
6384
5485
9939
9446
2368
2345
5538
1616
3342
1105
6753
111
9325
7887
6794
5612
2185
1345
2683
8035
8978
6694
6375
5241
7103
783
6669
7827
8432
1205
8071
8881
3523
9411
2068
2408
2803
3564
4532
7962
1043
8496
4149
6429
9699
3328
5070
2142
1763
2993
7624
823
3653
5384
1812
5717
8257
9755
3441
9347
3214
1209
89
2507
1630
880
9068
9589
8870
997
3889
7756
110
709
4280
598
7273
6456
4865
7225
9877
4591
1165
3040
1732
8013
9944
5271
3390
2012
9823
5560
2449
1601
8842
1556
8971
7594
2002
3225
6792
3149
9763
9554
3366
153
9770
8469
4559
6147
2688
6269
8206
7665
1330
5224
7904
8113
9591
5590
3314
818
6635
4283
4140
4304
9494
7481
6458
9532
9282
7822
3345
8394
5627
5506
1165
4187
8151
5276
6498
7405
1060
3673
6190
5112
7138
6925
6580
8370
9810
8988
6326
8546
4187
6593
5219
7866
7549
9504
3579
3721
3535
8332
2080
6403
2917
917
6705
5994
3201
3166
7936
9974
9329
7862
4513
2950
7672
4151
6802
5627
9979
7236
4804
797
6432
2676
6304
7774
3540
9364
4998
3536
4391
5819
1954
9962
9140
785
4361
7350
995
6476
7191
8699
4566
2529
686
6108
7671
5988
6116
7353
9623
7989
9262
7550
436
4709
7751
4730
5977
2316
2334
236
8122
5334
6335
4545
9284
6123
7161
7956
8936
7103
4474
3052
2696
3369
3930
1688
4904
4831
8403
9252
494
1593
468
3424
5140
8253
8740
3577
7576
9890
145
4419
1042
3418
3617
9364
3626
4804
6182
5293
869
5490
2363
2739
775
5027
1356
5702
4069
3914
2831
6509
1629
307
6300
8515
1908
7734
6859
485
7280
5949
2473
8934
7307
3222
9008
6174
6680
4357
959
1333
1369
5210
2225
4906
580
8433
6398
8630
318
1403
3529
8329
6663
4177
3994
4519
8681
9082
6403
2364
6651
7765
2531
2498
2926
3069
7916
1705
5765
3881
7806
3008
994
6415
6998
2819
113
9446
6680
2307
4702
8839
7935
2864
881
5786
5761
9857
5129
5360
4444
799
4500
5768
5387
4766
4176
2047
7566
5706
2892
8993
2358
9533
2872
2586
2072
8319
2894
3263
1675
3188
9529
453
755
5450
3768
1375
8450
9505
7888
4167
1588
2239
9125
7244
7816
3479
7612
7189
2088
1517
3318
3743
2998
6730
2126
9968
9319
9254
3007
2306
5209
9376
9670
5478
1718
3985
4526
6815
3602
6270
8939
9898
1569
7318
2015
2231
1447
7379
1253
7670
6911
5513
5747
2026
1233
1733
1528
2173
3797
2855
8217
1230
481
7269
2988
4058
6764
1644
9068
9652
9123
310
5165
3743
7703
9653
9175
5518
7677
3362
8445
8149
150
5819
5189
4887
6185
9004
6464
4234
4408
1655
2880
1897
1801
3063
4562
4494
1162
1640
9398
3854
8105
870
8100
2875
3568
4869
7437
7323
2060
9390
6413
1583
2227
9903
1772
4372
8985
9960
8277
9667
6443
4533
2447
4385
2083
4933
1893
2231
7953
1461
4761
6310
1419
4118
5637
8161
7306
1542
3784
6828
2924
8416
1527
5487
35
84
851
4862
491
2057
5852
6973
9936
321
6669
3642
9501
5761
5278
2328
8289
5644
4392
344
5312
5640
2568
8094
6130
9918
9671
7930
8660
219
7392
3362
6100
1716
9645
4756
3525
4435
4503
1333
211
9489
5490
9743
9900
5472
1324
7988
8487
3699
5753
2074
3839
2274
2583
200
9257
9316
6182
2155
3270
9940
7477
6037
6887
2242
4579
7800
1356
8686
6620
1114
5309
8659
4717
533
4842
379
7320
5022
6534
9817
7131
9453
620
9395
8806
527
4875
3308
5283
3503
2749
4226
6770
2788
3661
9689
5474
2318
6408
2953
3642
3385
997
5666
7611
2504
19
2140
7369
2083
971
3397
4631
5237
6813
3497
2261
3031
5533
5746
1901
4271
1377
4383
704
5605
8182
949
9337
4693
5501
4403
88
2600
5111
6864
4386
9432
7137
4016
7227
354
4648
2447
7559
8045
9470
9170
2423
8155
8345
4550
1018
8204
8275
2527
8496
9998
4175
9511
9634
7517
3650
2857
1073
5336
274
8784
1657
3566
3716
7528
115
4699
4359
9969
4176
1935
6906
9700
4591
8054
9603
964
8835
2173
7382
3649
2395
30
1490
2964
3307
9536
9299
8189
791
6823
6229
6365
2253
4886
4213
1021
5259
7204
6451
1032
6623
8683
4758
2645
5041
4247
3906
8729
4627
869
6921
4222
7323
4218
2799
9963
818
5955
264
7024
4495
5989
9476
3086
4958
6123
4742
7549
3086
2485
6927
5023
4359
4757
9031
3362
9198
557
7704
578
8834
1390
2788
2905
5043
7006
1609
198
7172
9458
8676
460
6833
7685
3305
4726
7868
3417
6951
53
6681
6458
2424
8563
5402
5901
3079
6437
3546
7968
9805
4172
3997
1627
4152
8362
6566
1908
946
7357
5178
4821
1225
5991
5050
1261
5429
2566
1682
3027
7378
482
8529
6865
8640
8203
8229
8563
1585
6741
9484
951
2758
7208
5457
7482
537
3196
1255
1602
6305
9398
8331
9933
6254
4755
6103
7418
9251
2392
1200
4747
8401
9435
1354
1601
8536
280
2856
2955
7383
7013
4940
3570
4456
9515
2449
629
3282
9627
1994
8592
3872
5057
4836
7946
8309
555
3236
3549
2721
779
7838
6777
9274
9735
7783
6619
3986
536
9056
3547
970
7228
681
4878
5499
612
4643
2961
6605
8029
3825
5785
3307
6887
6956
9375
8166
2325
9720
4424
1919
7452
2221
5143
8471
6229
3799
6246
7686
4424
501
7662
4725
2652
3005
1935
7273
1209
1246
5890
9222
8001
8362
9290
3055
2378
3642
3172
1988
4841
963
5092
1143
4366
2692
1335
1797
3822
7799
9564
5566
4737
386
2288
7952
730
7595
1059
8533
2901
2309
7412
8042
7205
7637
6238
8353
7315
4969
5281
9969
2883
552
6473
3400
5754
7131
7721
3971
1740
3720
9179
6230
3447
3242
7134
944
6377
6820
6386
2413
5054
2586
9720
5921
5670
7766
503
7164
2883
9070
1870
5185
5800
3299
3957
9284
5963
8233
3344
8413
6031
5960
1759
8151
5179
1181
4817
2034
8253
5748
6957
855
7437
7325
5639
2282
5715
5558
3739
4483
9340
5182
45
1159
7971
4653
9767
2223
7980
4560
9956
2373
3969
814
5270
3409
4904
9878
4846
6105
9134
8365
3286
2995
8170
5494
7788
4576
8706
9556
503
7815
5586
3512
5384
6098
5058
9298
2941
9668
6792
9365
5958
3809
2103
4304
2575
4281
7259
2483
6896
120
9420
5742
4601
678
4974
5734
7638
7194
1738
6967
53
2096
9908
4736
1566
151
7248
5020
4151
3881
7462
860
6285
6026
2970
4081
9300
6654
5767
553
1695
7166
7183
3336
6639
381
3900
4350
7572
5542
876
4232
7930
9322
9863
2797
4387
725
6115
4680
5701
7888
5103
5669
2351
263
7598
7725
1582
2784
2619
1328
7389
7507
3230
234
2577
5494
2716
343
5808
2973
3524
5657
4996
8397
86
7625
3525
807
5242
2101
4481
1812
2786
9398
7929
9578
5609
7559
246
7630
2374
7126
4585
1114
6221
4295
4220
2854
8258
9250
2161
3153
5188
7816
5465
6753
7885
1940
9798
9375
2014
7416
5511
7895
4308
385
2941
9863
6793
1571
5932
3447
4345
4330
9629
2086
1729
2467
9849
7200
2753
4013
5866
6374
1853
4195
9949
2981
7038
1511
5842
6478
1015
4179
5981
222
2233
4908
4264
5133
3224
5462
7420
6605
2441
3991
573
5340
4595
251
5559
3677
6836
7909
2883
9933
2147
208
8572
7984
8304
4888
8757
111
8879
2411
4777
8820
6969
1227
4439
1010
6667
8633
626
6465
9881
2519
3543
7641
3060
5545
2197
6623
969
176
6349
4901
8929
1683
8311
2830
3237
7955
5101
996
3696
4487
6541
1687
2209
8334
2791
9532
6235
8859
4601
514
1637
8596
2077
3065
9436
6728
2534
7758
8156
6955
5414
9119
2531
9414
108
530
5299
1202
5680
6207
1563
478
408
7964
9537
7069
2600
4029
1342
1193
7908
8331
5002
2626
110
3584
6071
2192
3747
6347
1027
593
1840
5500
5593
4727
1306
3434
6141
2604
546
4732
5523
662
8694
4434
6938
7799
9285
3172
7349
4184
6321
9627
3571
9964
87
1418
3258
7354
5047
9562
3965
747
2541
5489
7670
8965
2445
2379
255
7030
7014
5412
2728
5323
4556
9925
7571
7532
6822
8606
9449
7085
5521
7908
3645
7751
5789
5953
3513
2806
6787
1850
3417
4934
4483
5371
3308
5348
7222
9320
2942
967
2207
5725
2917
3876
8825
5485
275
54
4378
9306
6310
3302
9700
6833
8387
9062
7066
7011
3474
544
3926
6394
9999
4677
5528
9109
1268
7691
5458
2489
1742
7321
6752
6186
8353
1290
5525
2963
8181
8741
5200
7377
5186
4834
2717
7864
8202
2815
7118
1611
4342
9671
985
2322
4980
9466
5189
2956
4752
729
3826
6406
1472
5219
7035
205
3989
588
78
3474
4461
3764
3858
9478
8648
791
6259
6323
6135
6390
3548
2781
6691
6931
1058
6465
8856
5211
546
8462
6316
5914
8505
6872
2730
2344
5649
1429
4790
4811
9449
4755
9697
9529
53
6465
3378
9856
7295
4116
4103
6455
2551
9389
1381
2711
4446
1656
9972
3261
1776
6458
8106
3429
6673
225
482
1198
9042
345
829
6136
7110
3021
1791
4334
2948
4046
280
6315
7151
3026
9823
7892
893
6961
525
6968
9989
939
627
5496
2056
8367
3530
7519
5325
3560
716
4364
1195
8091
3060
5534
264
9687
7494
7043
969
5977
5292
4067
668
6045
7812
8780
7500
5210
9159
615
1694
5881
8648
5945
8952
8204
6423
7744
1381
7054
8253
6150
4505
5998
7956
2032
8057
5242
8915
7046
1063
4239
7485
5285
1583
4665
1087
238
186
7611
3441
6063
3752
4306
3468
649
2622
3255
1639
2769
6952
3431
2635
9694
3455
3997
365
2229
8008
7201
287
9866
186
9313
1101
4091
4762
2847
177
958
9253
6621
3874
8601
4874
5383
9558
1598
7673
8702
2064
5461
3158
1201
6252
1546
8726
6625
1219
4013
2379
9817
801
4192
2715
4980
7044
6
3275
4284
4186
9040
6217
3891
3185
1250
223
3051
47
8120
744
4149
9211
2682
4304
2583
1607
912
8419
1128
2076
537
1090
3261
3651
5628
7941
2440
3687
6697
1544
7922
6738
9597
792
2383
6777
5074
9438
8954
2296
9894
1745
5472
4839
7765
7857
600
4362
3927
7846
8864
999
2715
4063
7809
9501
1591
3482
6798
674
2650
890
9222
1811
1830
6234
2902
8925
4018
3037
1559
3378
8509
7300
6116
3712
9544
5855
2230
3070
2299
9378
2304
3398
4417
5525
3163
6453
5357
3385
7957
6641
3626
1142
7528
5531
786
8317
8216
5064
7385
5198
1548
1023
9847
2731
2637
905
3286
5955
5032
5768
4336
69
5069
5285
1582
9600
6033
9045
3422
9696
9874
712
5168
1407
249
4616
9660
6225
5121
8458
3597
3559
4175
5567
7951
3522
8625
6721
3575
3313
6611
2463
7595
5823
3234
7973
7272
591
4219
8841
6625
7639
8530
6846
123
7993
4228
1857
5706
9219
9484
4325
1581
8920
3878
9515
3260
7766
7453
6448
3396
7003
2937
2032
2832
7633
744
6252
922
4278
8652
2194
3200
9955
1495
3321
1333
405
7160
2576
4539
7373
7073
3737
2092
875
5565
4868
160
9449
3143
7442
3316
4828
8429
420
2044
355
8272
8318
8939
6044
5185
9610
3441
5926
6503
465
7750
8816
8645
3791
3442
8386
6006
2824
463
3073
9232
1304
8619
2160
8964
9961
3345
6978
5180
290
2099
1106
4299
4561
5960
1396
8157
885
1986
3870
7799
1082
4354
3127
4533
3288
8730
4638
5550
8223
2238
1452
1547
1048
1106
4204
2276
4540
1352
1900
139
2764
3549
9888
9080
3500
3434
1949
5570
5408
4938
6166
6402
770
3058
7829
4130
1398
1055
8775
8129
3800
3481
3967
7238
1353
6544
6001
2228
8228
5540
9352
7405
9546
9650
3670
8942
7954
9666
5167
7118
3899
9224
4515
1368
6057
7690
605
703
2394
1252
9827
5815
4418
4535
3591
1763
9066
9841
5673
2898
881
2391
8123
7090
3102
9171
9173
9162
9429
7163
7119
9520
412
9724
8811
7917
6726
8891
262
4055
4557
8707
797
5704
4205
5727
8197
1913
647
5994
4739
4679
1695
6229
3380
6094
960
5111
4487
6899
9223
9591
1152
4699
8538
7859
554
3908
2235
1726
2725
3664
8505
272
4637
7044
6764
8677
4790
2810
9969
5475
9562
5437
3058
7774
1631
1107
8648
1812
9701
2678
6668
3287
3404
6350
6469
5792
8812
1509
3907
8889
5267
9864
8791
9569
9521
9985
8230
3370
3079
6645
178
4176
5637
3724
9524
7551
9919
7550
4294
7678
4987
3323
1132
8681
5791
8264
602
3947
4232
3994
2271
2297
975
3134
1316
8674
8196
1469
7158
1626
5257
764
6879
6790
3527
7941
2754
8297
465
2412
6204
5507
3378
5589
9513
9789
749
4287
5062
1201
8846
4770
1860
1089
4973
6058
8625
6183
3114
8148
4819
638
5406
2097
5386
448
2824
5408
9416
3288
9568
3808
5892
3539
6699
4185
7774
8725
5604
8958
4838
3788
4722
4201
4095
5052
9503
7684
8839
899
6710
2119
5551
9972
6208
8777
1432
425
1781
8745
8570
6129
7318
4437
6757
86
9118
2167
2579
742
1633
4379
843
4426
54
8167
8696
8763
8619
1637
7887
3754
982
7208
4581
8340
1733
3496
9210
5295
3894
7559
9286
4004
6187
9600
4189
9955
9843
3264
4234
9955
9031
3165
451
7208
4897
869
9955
3040
9868
179
3210
2704
3311
3189
3162
1677
7841
819
6375
3877
3679
1758
5084
4548
2597
194
8079
5242
9901
5210
4622
3161
7056
859
1304
7039
5413
6951
9378
8763
6072
9546
756
7438
9127
7598
4997
994
9435
6230
5312
5163
5882
1536
3712
788
5188
4886
7552
7139
3460
6666
5360
8947
6856
2560
2781
3462
2374
8141
5337
7705
2245
3692
9145
583
5412
8716
8611
9372
8860
6976
5391
7864
1705
67
4827
6471
1479
6955
2703
9656
9218
2408
6064
8121
7595
3043
436
5003
329
4601
9096
8980
5050
7955
8976
6859
3521
1544
5318
893
4690
4362
9900
4816
7407
6895
62
7009
4740
1682
7484
6799
8180
4564
6649
9443
4976
3541
8673
5461
3189
6497
7853
9554
4647
319
6372
301
7922
6323
1281
9797
8907
3811
2315
6218
7757
2451
5035
809
3584
2754
1749
4915
8284
1019
9436
2354
6302
8779
423
6107
8314
3498
8464
5469
1546
5553
7065
18
4544
6506
3789
4007
3685
5006
9698
5559
3721
7302
6171
8677
8525
1336
3373
1716
3255
964
3158
3642
9294
1458
8294
4733
3781
3421
7392
1747
7209
7241
5777
9415
6144
7126
6230
4003
1178
881
5419
9490
5595
1436
9483
2226
5572
7697
2757
476
4777
9769
280
1393
8537
1893
8689
6787
4956
4203
8900
3285
2595
4837
2921
7959
2656
3693
5924
3110
9379
219
7943
4206
6542
1815
6319
1738
2482
8755
8788
3351
5945
8830
253
7192
6466
1274
7121
6875
9124
2074
2700
1701
6161
8628
1988
2703
5616
8254
930
9891
687
6646
8
1160
8350
6434
1064
578
3120
9236
6891
6351
984
3675
977
6697
4719
2541
7566
4817
2376
4913
1212
9147
6551
2936
1019
7442
4841
9207
4037
305
9310
4762
2504
4685
7877
5560
9055
5819
950
8759
6372
4513
6255
5672
4822
8457
1892
7323
6536
2845
9172
737
2758
3455
6899
5086
9368
7004
7306
9369
5721
5788
5656
3752
9327
310
9745
7339
5641
6508
4454
380
2309
85
248
6885
6107
8943
5990
3431
4439
3042
8744
586
1123
3499
5994
6135
7176
6550
434
9168
4291
1088
363
4604
7418
3629
5
6250
4113
4901
8947
9374
8601
3874
7538
7166
8025
7980
6004
6277
3804
239
9296
4871
2138
8338
7805
2471
6907
9730
1909
3177
6087
977
3471
7248
3771
2299
8225
1040
6924
9658
8154
5919
5841
2040
9851
9796
6131
5009
56
1112
3722
5446
2862
3625
8785
3033
6793
6233
9747
2121
4180
1005
8533
5934
9667
2387
1931
8596
4843
8244
1456
9842
7084
4505
3607
659
1088
1802
1270
6526
8076
5686
4676
1208
5501
4247
6840
3952
223
7660
7597
7081
2750
5041
7573
4527
1146
4333
858
6968
481
1647
5858
9804
7615
7238
802
5458
8398
7435
5059
5724
8078
8025
376
1818
314
4224
6609
5047
3309
604
2080
1960
8675
5212
6880
5582
8415
4997
6800
4883
2693
5982
2651
271
1841
7383
3929
375
5815
1416
6661
8999
4535
322
3512
3584
9329
7317
1952
9308
1066
5352
1017
1638
4534
5792
2523
2718
58
8104
6461
2702
8963
375
9970
606
7638
5454
2060
7286
7487
8886
5353
839
6045
3641
9585
3969
4671
9831
4323
4430
2999
7341
2494
3208
5416
4318
5094
8959
471
7796
5340
9290
2842
1129
7613
5895
9253
3378
1109
1805
3764
6482
7133
2635
9390
4101
2504
6784
5374
1725
5183
1497
2638
8301
8257
2582
2868
405
531
7740
861
1771
5991
4492
4174
2392
6131
3052
4715
406
4789
8387
3834
6595
5448
947
5055
2057
3656
9173
1318
3193
3418
7878
6081
3292
5794
7941
1415
8032
1633
6445
3890
7741
5261
2466
6770
2633
6123
1767
3958
3300
7825
5830
2096
307
9502
774
519
6281
8420
3875
4961
8532
65
5292
1071
6134
27
2352
999
2830
1804
9573
5922
99
95
292
3410
87
1923
7977
3472
3933
9670
3139
5111
5949
197
4758
384
5443
6159
9760
6667
3036
2348
1020
9987
7988
7711
2755
2549
7755
1640
101
8580
995
7713
1457
7516
769
7667
2972
1955
6074
6947
411
7678
956
4454
8751
4282
3530
1969
7621
5970
3948
9629
1041
3851
3562
9580
6723
1352
1285
8831
4825
2225
5928
4626
2470
9680
5453
3143
1806
3579
2241
3952
868
6539
9044
8536
3319
9461
399
5440
9945
750
6579
831
4942
5944
454
7358
9915
9239
5104
5216
7873
4441
2666
3283
2195
4121
7062
9861
7607
4113
6783
6764
6035
7538
6372
7292
2408
6551
1664
5478
242
9889
178
1618
3045
1337
3668
3913
4841
6725
1069
8524
1719
4742
7149
7548
7545
287
8899
8267
1391
9570
9041
1905
6386
5788
4107
2704
4988
4608
478
3223
2042
5208
7903
9516
7476
2202
41
3962
4627
2888
890
189
6110
7816
3481
1193
6498
9767
4943
7060
3752
9857
8125
473
7301
7139
2127
222
9252
8255
4335
5639
6085
3654
540
2313
1911
7968
8128
64
2689
4125
8635
5114
7985
2712
6609
5530
722
1588
6089
8255
1755
8977
1301
630
2640
7267
499
2530
1959
9504
2400
2587
984
1718
4929
5500
7716
1544
2021
3786
2810
1717
2408
7008
9321
1921
4772
6515
6586
8518
898
5412
158
4059
9389
6655
2837
8528
723
8649
8179
5194
2462
3492
1520
3614
6918
6203
4156
4709
9558
8624
1896
438
9942
2143
301
8558
8947
2080
4710
8508
3379
3317
1074
4166
5761
7131
2482
6882
4755
3716
4010
9912
5183
3182
8524
4148
94
2932
1770
8190
9345
246
6359
3814
4722
7332
6071
7758
4225
3541
6823
6846
667
527
5519
7642
4815
4307
9192
6300
7323
7917
2935
484
9829
2710
7474
5061
2586
742
6573
5801
7282
7722
1184
3948
5749
6587
980
8623
2793
8308
5469
4830
6951
3658
5045
613
5907
7210
5487
2153
4645
8742
6248
3521
4355
9354
9770
7134
5023
6523
7126
7316
2989
7446
2917
6345
3500
4181
5350
9010
2084
989
3479
224
8081
4542
4696
790
276
221
9516
9139
6745
5142
1704
997
3451
6197
2706
6054
6571
2937
5974
3511
614
7770
7199
6631
3066
5305
785
4390
7757
6883
7359
2867
4872
3144
6325
3203
4818
5138
7702
63
1549
8242
562
3775
2014
5210
8609
2686
5659
4151
1787
7502
2497
9070
2377
7391
8597
1750
9097
645
9991
3066
3390
8038
4649
6097
8927
4776
8253
9271
1923
236
6904
424
2859
734
7949
992
8640
3858
7403
2870
8026
415
7216
4219
1490
4740
6274
96
2223
3078
8632
499
2559
3602
690
4222
2279
6515
9048
7806
4015
9482
3586
6661
8906
3374
4423
1529
8707
8634
2484
525
9863
2553
5096
7749
2186
8535
8900
7858
9785
8282
7336
8057
1414
9239
700
8621
7879
4244
8969
8694
1555
2213
4862
4209
9021
6331
1743
7176
1422
781
6259
1226
6842
9695
4862
6767
9334
8796
6265
9986
4679
2234
7929
5690
6075
8656
9951
1728
3199
5875
2695
6685
6673
9153
7046
2403
3806
1198
6529
4494
8785
3209
9030
6409
558
560
8539
8129
1544
5765
3901
4696
9564
164
5638
6005
8939
350
6979
1244
7555
4280
8758
5001
2315
8477
9045
4042
8341
5976
9126
5075
1210
8597
6544
5410
9650
6191
9947
7653
4407
1870
2505
8284
4
3719
9147
7117
1771
7055
1493
115
1277
8573
7615
2128
9956
6452
2618
9033
4751
1352
5095
3532
2679
3350
8711
6736
7148
6953
2529
7453
6853
6234
4086
343
4473
990
1514
1764
7176
4508
3774
9388
2199
8531
8893
7033
7716
6128
2995
6393
6264
4767
7388
6174
6537
6397
4729
2315
1628
2537
7238
2085
8542
799
9085
9339
742
2758
5921
3398
7526
3815
6269
7114
5437
2615
4395
6267
2077
7968
3442
957
1000
9155
6609
2066
4480
5905
6722
5383
8265
5567
1414
3093
4694
381
4517
5060
8035
9434
2281
6061
7679
9601
9136
9051
1274
2883
6253
6251
8151
5012
6654
5709
6957
2697
9035
2630
212
8397
864
5673
2885
3296
3627
4242
4394
2166
6629
5742
8024
9621
1915
6940
4356
3614
2014
4336
9086
5928
5951
691
6474
1343
8238
8014
9186
1113
9186
6865
8736
6073
2408
2058
6732
764
8996
9753
1737
1002
1044
4807
5613
1818
8779
8395
9017
9328
7858
6183
139
8843
6617
2096
1887
9405
6728
6099
3837
8787
