1,1517,5260
2,2956,3580
2,4052,6863
2,9310,7776
3,9406,1086
3,7984,781
3,9901,4977
3,206,9771
4,1047,2743
4,4005,1168
5,2230,9911
7,1501,8347
8,4437,838
8,7075,8898
8,7260,262
8,3868,6975
10,4957,6258
10,4685,5770
11,3823,1524
13,2347,5827
14,3636,7646
14,8771,5892
21,5792,7906
21,8634,4898
21,2378,8692
21,515,4836
22,8720,8053
23,4552,7165
23,14,5885
27,6633,659
29,7893,5463
30,180,2104
31,5471,950
31,5075,385
33,2583,9598
34,9804,5955
35,953,7756
36,7984,2602
36,8379,4819
38,9712,9406
38,4259,6221
42,942,2839
42,6643,6481
44,5843,6832
44,286,2093
46,6557,1427
46,4649,9324
46,3140,5595
47,4820,7993
47,8461,1818
47,1110,3417
49,6552,448
49,184,6374
52,3213,2082
53,3450,4338
55,1515,4053
55,5513,7765
56,7049,1713
56,3822,368
56,6932,1290
57,4744,2351
58,1059,5393
58,8482,7971
58,7825,5111
58,6379,8231
59,1513,1910
59,4559,7012
60,3855,6938
61,7014,8858
62,5266,4643
63,6425,3535
63,192,6726
64,9346,9508
64,4665,1213
65,9163,4945
65,8980,9525
67,753,7245
67,6379,9220
68,7386,2309
68,876,6248
72,9862,513
72,6976,5254
77,4483,9343
77,5140,7869
82,8926,2017
83,902,374
84,3008,1997
84,3810,5588
88,8809,523
88,518,8473
89,6460,6455
90,1047,64
93,5441,8926
93,6939,6285
96,5257,2766
100,1102,3872
100,7427,8882
101,224,3062
102,1917,838
102,2243,2574
103,1642,8464
103,1165,4229
104,3867,445
108,9795,6659
108,5547,5725
109,488,848
112,2225,3961
113,115,3467
113,9103,1931
114,9071,9161
116,6600,5865
116,3659,1221
118,6553,5453
118,1875,8495
118,1321,9390
121,2710,9888
121,3828,5189
122,1335,7092
123,5538,6732
123,770,7797
124,2706,9702
125,6325,238
125,5119,5570
125,1076,9458
126,9658,6462
129,8153,9392
131,1559,9285
132,9656,7225
132,8845,8260
133,8859,3633
134,2496,8484
135,9318,9434
136,5465,979
136,4426,7365
136,2716,1506
136,2138,8278
137,5942,5807
138,4966,1721
140,9061,8176
141,2147,508
144,9777,4740
145,770,7537
146,4587,4159
146,3906,4946
147,439,662
147,8105,5355
148,9089,5872
149,8289,1435
150,5971,4662
154,4717,1125
154,9598,3286
154,7666,5942
157,2503,8070
157,3328,7999
159,5489,2739
159,18,5418
160,3491,9373
161,7973,4251
162,446,209
162,1885,1629
163,9023,4714
163,7545,1856
164,2478,3722
166,6738,3442
167,7677,7249
167,814,8850
167,4964,9812
169,1889,4931
171,361,8258
173,9037,4442
173,1090,1928
175,5789,6646
176,5521,2534
177,8260,7599
178,6521,7422
179,7556,97
181,2466,5006
185,9722,466
185,1997,221
188,8955,2929
188,6006,2860
189,1721,4904
189,3293,8285
190,8533,3195
191,3803,4064
191,8091,63
191,4064,3086
192,8502,611
192,2346,6234
194,4959,1238
196,9142,2444
196,1564,6929
197,2451,6700
197,9991,3899
197,9433,542
198,8007,5366
200,4434,3423
201,4958,959
201,9924,1729
202,8091,1786
203,3223,1155
203,5841,1422
204,4476,8753
204,8512,2145
205,3575,7636
205,37,3174
206,7186,1627
206,6578,5046
206,5844,4959
208,3975,9434
208,4504,3294
212,2570,858
213,1061,7590
214,3435,8038
215,1113,8359
215,2077,8886
215,7353,9985
215,8063,5411
219,1150,835
219,4710,1754
220,8584,2397
222,5414,6640
222,8763,6429
223,4521,6121
225,3054,3431
227,4655,9707
228,7280,2631
229,1675,3498
229,4233,131
230,9659,3745
230,596,3676
231,7385,5719
232,218,8977
232,9744,4651
237,411,2656
237,2878,494
237,1404,189
237,8711,2197
237,4244,8951
239,4052,1071
240,7917,4678
240,7738,1533
241,4208,2286
241,3761,9749
242,5673,8803
243,9501,9114
245,5866,6196
245,2623,6852
247,4516,8220
248,9589,2800
248,8550,9948
249,7896,8351
250,1760,317
250,8186,4994
251,9938,534
252,8676,7343
252,1916,5717
252,2017,1428
253,6835,9124
253,7012,4631
254,2694,1127
254,7999,9967
255,61,7706
257,5971,6815
259,6077,9011
260,8799,4240
260,6997,1108
261,168,7504
261,9431,3744
263,6879,7418
264,3348,9913
265,687,7112
266,5496,8553
266,4166,2549
267,5849,4561
269,4389,9864
269,48,6647
270,6043,3483
272,6293,1975
272,5526,283
274,605,9532
275,9082,8982
275,7162,1349
276,8299,4863
277,6176,9169
278,2671,2085
279,5191,8031
279,5412,6986
281,4743,2749
282,8181,940
282,5315,9771
283,6403,4377
283,6378,7366
284,9890,3676
286,6800,6390
286,9725,3160
289,2658,8275
291,3787,9924
292,5955,4517
295,4437,3452
296,678,520
296,3198,748
297,7848,6278
298,1501,7379
