1,774,1091
1,5564,2269
3,534,4110
3,890,4801
3,5236,4437
4,2060,42
4,3548,1155
5,3693,4714
7,4751,9678
8,2885,250
8,5281,3520
9,6832,5355
13,3410,6891
14,3230,1365
14,9461,6523
15,5969,9596
17,3572,2375
18,2447,8552
18,3523,6490
19,799,4730
19,6534,5148
22,4823,4355
22,5671,6043
22,5700,50
22,6625,9825
24,4242,3544
25,5489,3486
25,5559,8033
26,4819,23
27,6491,9227
29,4428,4161
29,5966,8071
31,6493,4912
31,9320,1451
32,7304,8981
33,5560,9072
35,2646,2356
37,6001,2100
37,9490,1688
39,87,5459
39,4385,3165
41,7418,6032
44,4198,3936
45,536,7707
45,4413,363
46,5417,8000
46,7358,3800
47,8974,1210
49,83,2617
50,41,1627
52,3552,5228
53,1812,2869
53,8013,5000
55,5949,533
56,3715,3467
57,8635,4543
59,9111,966
62,123,3638
63,7385,8965
63,7766,4554
67,3274,3148
67,5259,7741
68,3479,760
69,130,7484
69,1466,7901
69,3927,8358
70,8310,5818
72,8096,4553
72,8748,9947
74,1313,2260
75,620,4015
75,7149,6218
76,5747,4025
77,984,8735
79,1140,3238
81,6759,1551
81,8860,3374
83,3001,3825
83,9070,708
84,9517,185
86,377,4161
87,1123,4634
87,4645,7576
87,5637,7834
88,1819,7984
88,5130,4800
89,9280,2198
90,186,1862
90,6991,3877
92,5436,3500
92,7816,192
94,4869,2293
95,8296,8447
97,5458,2048
98,5292,8154
98,8563,4419
101,6697,8016
102,5257,3170
105,1149,6234
106,406,3779
106,5153,736
106,6978,8333
107,7787,4993
108,6227,5642
108,6229,8709
109,5823,300
110,6620,8522
110,7267,6172
110,9416,6936
111,1747,6452
112,3675,6754
112,9954,4799
113,2551,1043
113,7868,7456
117,829,7932
119,4046,1561
119,6833,4798
120,170,3244
121,6088,1825
122,7336,4260
124,6570,857
128,1416,9365
129,763,1795
129,3182,8120
130,5201,7997
131,1090,4234
131,1596,7846
131,2394,4784
131,2579,4243
131,9328,933
134,3723,1030
135,2750,1153
136,5607,6741
136,6757,7884
137,1575,8670
137,2950,886
139,6601,8192
140,8340,9308
141,373,2823
141,5337,9085
141,8660,1369
142,7131,6156
142,7229,5479
142,7244,881
144,8609,5368
144,9862,6955
145,848,9039
145,3078,2758
146,5319,2241
146,7345,6674
147,9687,2310
148,2348,2248
149,214,417
152,53,8579
152,3298,149
152,7625,5014
152,9994,7147
154,4015,3246
155,2364,1816
159,1929,5358
159,2747,5869
159,8453,8042
160,5083,9327
161,6230,1158
163,1426,4096
163,7154,7179
167,233,4736
173,5785,7333
176,9255,9282
177,4662,538
177,6310,2093
177,9840,6420
178,3127,3204
179,5649,550
179,6055,581
179,8013,5508
179,8628,4131
180,4217,2584
182,2286,4676
185,6651,4913
186,9334,6617
188,8326,1423
189,6394,5579
189,7961,5102
191,5312,1334
194,94,8941
194,1000,6422
196,222,5412
196,8582,70
200,6060,8835
201,3571,7440
201,8120,6216
205,9591,1893
206,8749,8710
208,2324,327
209,6551,3050
209,9031,173
210,344,7378
210,6691,9470
214,2473,9819
215,4391,9789
216,5633,2878
216,5765,1530
216,9838,8062
218,8648,5579
219,1770,8389
219,9661,1846
220,7453,9233
222,1785,7903
222,5581,2497
222,6127,4208
222,7139,451
222,8520,2241
223,858,6786
223,1129,8387
223,8413,9919
224,7227,627
225,5344,5613
226,9819,9737
227,3563,6031
227,8449,9884
228,5521,3297
228,6458,9130
230,8730,959
231,7145,5768
233,3810,761
235,6292,3147
235,7895,6282
236,9989,6496
237,7688,5105
239,3789,7271
240,5246,1599
241,7949,5661
242,1159,773
242,9478,9497
244,8524,6381
245,5417,565
246,2114,1047
248,2586,957
248,7597,2835
249,7691,2626
251,8785,8738
252,6685,4336
253,1738,9418
253,1923,4312
253,7044,2492
257,6293,3503
258,7638,8170
260,5371,4433
260,7106,2030
260,7415,8903
261,5075,3913
262,3189,7877
263,45,3002
264,5530,8938
266,8602,645
267,3321,2599
267,4219,8034
267,7277,6713
269,4952,8105
269,9844,6626
270,3037,4656
271,6430,65
274,1797,4890
275,1819,5210
275,3696,9118
277,2334,794
277,5429,3979
279,4276,5524
279,7017,5141
280,1901,1765
281,93,1889
281,2450,3229
282,3099,573
283,6658,4388
285,9451,2907
287,3747,9159
287,5401,9336
287,8071,8613
287,9556,3505
290,1490,407
290,1845,5389
290,5313,4947
291,375,7207
292,2403,1416
293,1502,2827
293,8999,1609
294,4779,642
294,7770,1964
295,3500,9624
296,4722,9340
297,3350,215
297,8959,9519
298,478,2749
299,280,988
299,8959,5070
