6967
9498
1661
2407
9814
4146
2381
4836
248
2080
4533
3210
5940
7350
2245
9589
5889
5764
5201
1584
1099
8318
5086
2736
7354
2409
4711
295
1486
3980
7978
1736
7022
758
2710
2957
6526
9951
6732
4476
5504
2156
9249
1783
4994
1701
3065
411
7761
4924
8650
2547
1900
3663
734
167
3032
5664
4590
5667
5535
327
9974
1415
7774
3680
2364
6236
348
9027
272
2494
2703
4507
4092
894
5687
2380
275
4867
243
8929
3709
1112
9264
372
7880
4932
1738
9194
5005
1903
6482
5449
9655
6166
9247
7395
8564
3808
7253
1660
6401
461
3031
6305
4565
6476
9725
8419
5960
9316
8699
8777
9314
8405
2159
5319
7417
4313
4288
8652
9915
201
8190
8305
9846
1524
1140
3482
4980
68
8408
5976
9633
3951
1883
5879
567
552
1410
6903
9877
8707
7075
8198
4526
188
6167
9226
4945
619
8028
6279
1738
1648
7215
748
5400
9275
6659
8075
7524
2280
811
4461
6977
4560
7194
401
6013
3000
5015
5771
6501
9629
5250
4701
9378
5477
3410
3204
3321
2558
1419
855
1037
8369
1249
5522
7338
3587
1913
3863
8728
6767
7393
4727
3398
8611
7709
9964
815
5689
8983
162
6171
4792
7308
1044
7762
1577
4097
1073
5415
2048
7075
5066
1424
7194
8498
3931
6959
6476
8250
4315
2052
9142
116
8986
8907
6945
5547
3555
3293
1262
9848
1156
1618
2256
4229
1349
881
8137
5102
7315
6779
9314
1541
2528
4265
2747
7868
8519
814
9849
2518
2533
5857
932
6273
2623
841
5336
861
5100
8316
6066
7277
7531
3603
8062
89
5977
9816
1333
3134
5430
1725
9746
7243
980
5116
869
566
4473
753
2642
3
5355
9835
4008
179
5370
9845
5624
474
3554
5027
4263
3147
8075
4144
7744
1688
9220
8223
2539
7303
1358
2047
2524
2826
9876
1710
9105
6353
9867
5616
3230
6869
5920
5966
8935
2787
9053
8314
9901
9348
5245
4886
7317
2432
3463
7323
4664
5138
5931
6848
5321
9824
3306
8410
9497
4851
404
6182
2967
5284
1251
938
5637
3246
6778
6580
9488
9087
4619
3366
2545
8981
2315
1485
7377
2282
125
6030
623
9603
3082
8226
9605
8852
7424
6843
3601
5344
5891
361
3790
9285
1217
2579
5875
8070
5358
9135
4498
5479
7402
1580
4545
3122
5995
6450
9499
2117
4101
3968
4335
1681
7411
7127
1160
8684
6497
4200
1872
260
8132
5628
2757
5063
5675
2487
4282
4014
657
5967
5584
5127
8097
4699
1821
7716
2597
5510
7850
5463
9191
9252
4058
8499
496
5613
3797
5675
2121
7963
166
7844
2381
496
1532
6812
3087
4612
5530
4331
9553
4225
5235
1833
6855
7040
1201
7424
7823
5933
5455
7071
46
2041
5114
283
5762
5454
196
9425
9574
7243
8656
8383
1094
8532
6013
616
1516
8281
2867
2035
4443
7436
8499
5541
1071
1504
6251
6087
7723
1963
3223
8470
251
6063
6920
3418
6728
1614
5867
7410
1345
725
254
1782
6816
6997
3279
628
6598
959
6464
4576
2624
4891
9012
9156
5370
9892
7578
3791
7613
6535
3539
5375
3988
1606
1280
7393
7292
1803
3537
2435
4381
5631
8431
9720
8403
5188
772
4641
2557
5896
5951
7973
3695
2856
7006
4757
9695
7537
2290
6186
1304
879
1409
7449
3412
9719
947
6500
2387
9476
2007
814
6001
7527
1869
826
2719
9729
8722
2887
3351
9600
9417
7235
3682
660
8760
1409
6182
9640
6031
1824
5956
3837
8796
8578
7468
2474
7540
474
1209
3091
9482
4831
2741
2380
7036
2862
9940
4678
3842
9141
5381
8037
7315
1150
1857
1437
2905
3272
9937
5499
4895
7217
783
3571
9325
8910
6881
5051
763
933
7061
657
4338
9883
2260
5340
5840
5428
62
2725
5407
2585
9927
8603
9671
3474
9124
4871
8593
4660
1734
7193
3704
9814
7715
1802
6375
7408
5700
9482
7502
1478
7963
2816
3114
2401
345
2763
5537
9301
5755
9310
6918
3979
6506
2853
8410
9615
7293
4912
4671
8311
1487
8822
2249
1358
2698
3411
2340
8763
7178
8230
5121
3199
5746
9205
6857
794
6814
3649
4868
1365
2389
3861
2898
2373
8129
148
3719
3851
5208
1697
6416
7187
7937
3102
2180
776
8536
7945
5147
9631
7487
1318
9192
1653
3876
4890
5675
808
8138
1483
8050
6673
3930
2461
5648
6845
8554
4883
7918
4349
8011
3334
5818
2202
2704
7857
5891
7911
2257
3063
5468
469
707
2348
4501
2932
9872
3230
6293
7611
1127
6803
3569
9609
1646
9794
3563
6793
6771
4086
2916
5076
6025
3680
2811
5404
1025
6900
9167
7511
1092
64
4398
2586
5271
1505
4184
1984
2899
8225
2509
7991
752
2318
4112
7200
6686
5671
2013
2025
2926
5963
2160
6615
5630
391
9000
5793
7890
5457
8124
800
6760
5461
1225
8583
2939
8716
138
2539
3320
994
2808
5315
8818
3672
6916
3808
7446
9257
7694
9839
7970
1306
499
9369
3335
4738
548
448
4777
8797
2922
1316
1503
1569
5826
3745
5922
7093
2245
202
5689
2987
4550
2368
8590
9523
6415
2319
7410
3121
1202
8108
177
6536
2117
4419
9887
1572
118
9810
497
1545
3033
6853
5473
1858
2915
3532
2940
9970
719
657
5890
4636
5911
5484
1765
3890
9697
8799
542
6331
4950
8857
8619
9835
4770
1800
8692
4110
1452
1256
8426
7963
6433
5744
7495
2825
9989
2301
8270
7021
1720
8474
3961
4470
7497
8431
4297
3699
5063
6722
7340
584
6406
9382
2762
7667
8980
7718
2000
1120
794
4744
6469
5164
9565
6277
8721
7475
8603
63
8715
3557
931
4230
7276
3158
9491
1905
5988
4688
9016
9903
8202
6509
9356
8539
8042
8023
7517
8611
5475
2972
7370
4199
1283
1376
9213
5034
4976
4386
8749
7271
9772
2528
5379
4539
697
2233
4928
6116
743
2025
6566
4609
8395
1819
7681
6735
6245
475
2486
2707
8861
3175
5795
185
7489
2008
8968
9288
4807
7319
2533
2067
6778
2182
8587
9140
5904
6594
7181
1992
2398
2039
6205
4848
5089
9599
4534
1648
3797
615
22
3391
1188
1758
4796
3622
6629
7655
7851
3591
1046
1966
9581
5349
7593
4038
1267
3695
8087
8117
7169
4978
7198
3941
5972
1803
1122
7171
8466
4122
9324
9670
9039
1122
2249
1216
6848
812
5700
2913
3834
6470
10000
5846
8060
2513
2388
5650
8978
5695
5931
1132
2512
3819
56
5473
2473
3459
9429
3344
9173
1051
4718
5626
9895
2008
27
9994
3883
2050
2351
4369
5606
2907
9979
6910
4310
2246
6120
1657
286
3183
7759
4301
3400
4440
7074
320
5201
2581
6657
962
9501
5369
416
4030
7529
498
2214
2298
7562
8390
8598
8995
2897
471
983
6348
6763
6006
3470
3152
7869
7041
9187
3814
1522
2945
296
7776
9430
3787
5592
7341
3840
9739
1735
1074
6956
2502
7557
5509
2231
4555
7240
5418
1496
7846
599
7172
3945
909
384
7148
8329
7501
1440
8903
570
7350
1819
5655
7908
7653
8966
568
5111
3175
534
4651
7866
2352
892
4750
6361
1681
2405
1249
9800
3908
8496
4929
4358
712
427
3503
4009
5873
4437
818
4949
1307
2327
7460
7767
7982
5072
6212
7265
7967
8197
5183
9698
2397
2899
500
8517
8518
6629
4569
7445
7235
2252
4978
5431
6712
4665
460
468
4999
346
740
3372
9380
4826
2627
7616
7427
3676
4457
786
6143
2956
5494
2693
2659
8671
1655
7137
2808
7015
4176
2984
9503
5825
9641
1739
4610
72
8818
7391
2051
4331
8397
6594
6180
433
6458
1176
2322
5755
7755
5223
2019
7068
1719
1606
2416
6836
3486
6181
6110
3400
6520
7546
8238
3241
7155
8416
7569
5394
2841
2373
2778
6683
2116
3394
5048
1173
6717
6584
6578
9265
1497
1182
6855
4789
9038
4171
5740
9498
9396
7054
65
8681
5749
3876
2602
662
7483
8273
2078
8629
8458
6485
7526
4241
6548
9564
6207
411
7921
659
621
4905
5719
863
5088
1003
519
7847
6135
7356
7228
1984
7400
9192
1098
1770
1075
5042
206
6435
7882
3919
7458
3938
9516
980
3530
7133
116
3306
3009
3779
1290
2182
3581
3679
1909
316
9331
584
2098
7341
9044
3632
6689
4312
9542
2097
3498
2920
1615
5233
6971
6554
3168
2449
3090
8163
4087
2721
6771
4338
5694
970
82
9691
9931
7209
5636
9755
1879
825
991
3488
1217
5319
7639
1225
72
200
3508
2794
5062
8825
7266
8672
7166
2944
5388
6540
6898
8552
7182
6237
9164
6077
8979
6090
275
1511
4965
6033
1200
1305
6937
5605
6256
5651
4896
6131
8155
8786
7934
4580
3199
6776
9877
6995
5171
4164
5856
2120
7160
665
6076
7012
5232
5371
2315
3636
1839
2996
4219
5522
3033
5662
2471
8918
7464
726
9061
907
6121
783
942
8802
7573
6000
6071
7726
9083
4823
5674
1424
7119
108
9585
573
6040
6274
8696
5822
7928
7496
9460
6329
1785
4090
4812
5848
8110
6737
6110
4640
1458
2372
8190
3060
8181
2798
2486
8137
1875
1914
2456
5298
5449
6039
4785
1346
6577
6652
2619
1062
140
7224
5051
6209
4429
1659
3929
6588
9734
2003
6806
6314
5380
9407
9290
9777
7665
4028
5041
8148
7713
7536
5786
6447
416
7140
5240
286
9250
7548
5536
4803
7897
9708
5325
1125
7459
7290
6055
4320
4734
6800
9065
1022
1074
9106
2754
3569
475
6960
9001
9957
7813
461
5438
1776
6466
4148
1093
6877
9083
3779
738
8004
9532
3032
1765
1640
5608
3224
1701
6952
1246
7720
6418
3726
190
5566
6550
453
5938
614
6574
7876
2469
3039
1028
8264
1556
5354
3169
6712
5006
5325
7491
5348
2879
4227
3619
6710
5191
5705
5881
484
9451
3947
2842
5054
9228
8929
7267
8033
7616
3645
9771
8864
2097
58
5116
9334
4496
3574
5611
1798
7916
8816
3349
6234
8537
568
1443
84
4608
260
6357
968
1393
6100
6320
4179
3593
3488
890
9162
1253
6677
563