2,9310,7776
3,7984,781
3,9406,1086
3,9901,4977
8,7075,8898
8,7260,262
14,8771,5892
21,8634,4898
22,8720,8053
29,7893,5463
34,9804,5955
36,7984,2602
36,8379,4819
38,9712,9406
47,8461,1818
56,7049,1713
58,7825,5111
58,8482,7971
61,7014,8858
64,9346,9508
65,8980,9525
65,9163,4945
68,7386,2309
72,9862,513
82,8926,2017
88,8809,523
100,7427,8882
108,9795,6659
113,9103,1931
114,9071,9161
126,9658,6462
129,8153,9392
132,8845,8260
132,9656,7225
133,8859,3633
135,9318,9434
140,9061,8176
144,9777,4740
147,8105,5355
148,9089,5872
149,8289,1435
154,7666,5942
154,9598,3286
161,7973,4251
163,7545,1856
163,9023,4714
167,7677,7249
173,9037,4442
177,8260,7599
179,7556,97
185,9722,466
188,8955,2929
190,8533,3195
191,8091,63
192,8502,611
196,9142,2444
197,9433,542
197,9991,3899
198,8007,5366
201,9924,1729
202,8091,1786
204,8512,2145
206,7186,1627
215,7353,9985
215,8063,5411
220,8584,2397
222,8763,6429
228,7280,2631
230,9659,3745
231,7385,5719
232,9744,4651
237,8711,2197
240,7738,1533
240,7917,4678
243,9501,9114
248,8550,9948
248,9589,2800
249,7896,8351
250,8186,4994
251,9938,534
252,8676,7343
253,7012,4631
254,7999,9967
260,8799,4240
261,9431,3744
275,7162,1349
275,9082,8982
276,8299,4863
282,8181,940
284,9890,3676
286,9725,3160
297,7848,6278
301,7354,9027
302,8534,8296
306,7321,484
311,8067,7510
316,8866,7944
318,8676,5495
320,9905,4017
321,9137,9707
327,9697,5280
328,9461,9358
331,9103,4144
332,7037,9263
334,8699,8832
334,9358,5779
336,8491,2612
340,7524,8753
342,8553,1759
343,7820,3756
345,9384,6665
350,9918,1333
351,9109,6183
352,7879,4990
358,7697,9600
364,7541,5699
364,9590,6962
366,9692,2932
374,7826,3539
374,8243,8679
380,8666,6577
381,9838,6987
384,8846,9613
386,7022,4542
391,8136,6325
394,7553,4833
401,8129,8391
402,9214,3052
404,9183,7813
408,8354,8587
409,7079,8112
411,9107,6998
414,8074,7444
416,8298,4963
423,9008,1325
426,9482,4372
427,7429,5804
429,9002,8022
429,9119,7788
433,9340,6604
434,7513,6528
438,9573,4262
448,7112,9732
448,7420,1240
460,7701,9529
460,7729,2841
461,9814,6309
464,7795,860
474,9345,9334
475,7765,7493
475,8936,9320
475,9776,3424
485,7586,2406
494,7513,659
494,9501,9165
496,7133,2756
496,7494,3260
497,7581,9053
497,9141,6579
498,8204,1149
498,9647,3696
503,7507,9102
504,9020,7922
509,7653,6548
511,7010,8445
512,7483,1492
512,7531,8019
512,8285,9247
516,7434,3573
516,8793,8524
516,9161,1939
519,7429,2443
519,8214,450
522,7087,9166
524,8151,5327
529,8610,6313
535,8162,6375
535,9025,5428
542,8524,8277
543,9407,3838
545,7071,8942
551,7831,5366
555,7454,5350
560,7486,2547
561,9605,7341
564,9108,7453
564,9243,9946
568,9812,6704
570,9440,6722
575,7523,6781
575,9728,4012
575,9733,6571
581,9474,9715
581,9550,8476
584,9680,8822
585,8601,9876
590,9170,8863
592,9073,5189
592,9260,5408
595,8207,1858
610,9081,154
614,9871,1273
615,9792,7318
619,7608,5032
624,9556,3097
628,9134,8752
634,7030,6004
634,8729,2020
636,7856,459
641,7836,6575
642,9081,5199
644,9716,1028
651,7209,6433
654,8421,3927
657,8187,7597
660,7239,9916
662,8020,7986
663,7887,9775
667,7244,1989
692,7613,3478
694,9853,1002
697,7119,4149
700,9823,3714
711,8969,487
712,8552,1988
715,8721,6131
719,9752,6573
724,7733,2232
725,7053,4020
726,7058,793
738,9602,8381
740,8056,4426
743,8595,8543
745,7267,1875
745,9422,4316
746,7777,8637
748,9060,4622
751,7381,4815
752,7176,3681
755,7636,5998
757,8679,6325
758,9085,1549
761,8945,5779
766,7191,8919
770,7365,757
770,9447,266
782,8929,2013
783,8693,5379
785,8487,9722
786,7875,3928
786,8237,1994
786,8291,2981
791,7410,8494
794,7885,3016
794,9055,5320
797,7510,3210
797,9656,7845
798,7505,2104
800,7027,5844
800,9771,1378
805,7894,9837
810,8499,1259
812,9629,6307
814,7023,6676
814,7990,1109
815,9246,7735
818,7565,6142
818,7774,8332
825,8055,3966
826,7732,3552
826,8528,5847
827,8485,3827
829,8576,3135
830,9795,3266
841,7792,1293
847,8442,8661
847,9369,9959
848,7687,7753
851,9091,2045
856,8551,2663
860,8045,9060
861,9456,2951
863,7911,7886
869,7200,3002
874,8849,9476
875,7192,8483
878,9067,1598
881,9918,4726
883,9649,8203
890,8819,3500
892,7094,5281
894,9905,9254
897,7079,5690
905,7218,6887
907,8505,3053
909,9097,5598
910,9650,8798
915,9600,6270
916,8938,6993
920,8024,7369
932,8786,4908
939,9598,7604
947,9043,8887
962,8208,3860
962,9530,518
965,8797,4765
965,8836,1351
970,9572,644
975,7417,8783
980,9868,3723
990,7772,3758
990,8114,937
991,9721,2904
996,9121,1096
999,9664,8520
1000,8294,324
1000,9671,5044
1003,8541,2656
1004,9950,9740
1012,7749,6609
1013,7325,4493
1026,7260,2131
1036,7770,1788
1036,9202,6202
1037,9251,5180
1043,9805,3462
1044,7103,6224
1046,9128,5448
1047,7187,3786
1051,7413,9375
1051,9973,582
1057,9375,9316
1060,9375,7806
1061,8577,7211
1064,9927,7297
1066,7616,6513
1070,9365,5911
1071,7323,3274
1072,9975,4754
1074,7299,757
1074,7401,6220
1075,7154,282
1079,8428,6552
1083,8252,2913
1087,9401,415
1090,8872,8642
1091,8036,5284
1092,9199,8538
1093,9486,5486
1094,7454,1341
1099,7257,8830
1099,7408,1467
1102,7960,3446
1110,9909,9867
1113,8464,8936
1114,8947,9872
1114,9171,1680
1114,9896,4876
1116,9698,5920
1120,8684,2242
1121,8824,6330
1122,7241,2064
1123,9463,4598
1125,7493,9750
1127,9588,3326
1131,7077,1528
1132,7016,3512
1134,7067,8335
1136,8018,2343
1137,8250,5357
1140,8806,2006
1146,9755,7170
1151,7008,2551
1160,8761,1672
1171,7050,8714
1172,7081,8917
1176,9732,2686
1177,8328,6184
1178,9275,3695
1182,8312,5899
1184,8496,8824
1187,8410,9157
1189,7759,5506
1189,9757,9454
1190,7499,694
1193,9479,9091
1195,7212,2003
1197,8164,1463
1201,7221,6037
1205,9126,5630
1209,7408,2068
1210,9024,1142
1211,7435,8033
1212,8197,191
1216,8292,5785
1217,7486,217
1219,8759,118
1219,9931,7062
1225,8288,9836
1225,8589,6079
1230,8683,5539
1231,9715,5442
1236,9534,2939
1246,8562,6961
1247,8372,2432
1249,7643,7481
1256,8975,3010
1259,7427,1836
1259,8739,1351
1261,7745,2682
1261,8371,8808
1267,7247,1542
1268,7409,2006
1273,10000,9748
1277,7153,8811
1280,9723,762
1288,7852,9504
1288,9735,6276
1290,8330,3431
1291,9079,2923
1300,9104,9335
1307,7038,6416
1316,7337,6941
1316,9838,2268
1318,7972,1366
1318,8397,1648
1324,9256,5882
1326,8756,7245
1328,8859,2397
1337,9633,7483
1339,9978,7470
1341,8501,2594
1345,7007,2229
1346,9397,4556
1349,9293,7663
1355,8867,1961
1356,8084,4539
1356,8266,1675
1358,9913,4479
1361,7174,1216
1370,7488,8886
1373,8047,8366
1374,7900,8690
1380,9373,865
1384,7421,4794
1390,8747,9379
1391,8723,6984
1391,8788,8550
1396,8426,2078
1396,9915,8910
1408,9775,6263
1409,7376,6221
1409,8353,6152
1409,8449,2920
1410,7195,554
1416,8560,3673
1422,7468,8720
1424,9500,3985
1434,8866,4771
1440,9822,9496
1443,7663,2572
1443,7878,9664
1447,9984,5864
1449,8493,4446
1452,8512,3451
1454,7025,2947
1457,7768,9594
1458,9708,9436
1468,8874,7696
1471,7857,3852
1472,7003,3367
1478,7366,4730
1479,8076,68
1480,7811,4567
1483,8102,9599
1483,8540,8028
1484,9577,558
1486,7167,4570
1489,7538,1335
1497,7873,4174
1502,8841,6700
1504,9502,6787
1505,8327,7086
1507,7480,3962
1511,8315,3421
1519,9849,3978
1521,7270,1854
1522,8671,6015
1524,8012,748
1525,7432,8435
1532,9338,4279
1540,8708,7214
1541,8783,6257
1543,8055,2751
1547,9074,8844
1552,8838,4397
1556,8251,6873
1557,9212,6417
1564,9281,8535
1569,9060,1707
1569,9854,5803
1571,8961,3082
1572,9612,4007
1576,7086,2980
1577,9396,238
1578,9719,8313
1580,9940,3636
1585,8126,1880
1585,9185,8731
1588,7655,8890
1588,9844,9840
1594,8147,6373
1594,9560,6897
1595,7608,23
1596,8078,4100
1599,7009,7027
1602,8741,6857
1606,9448,4652
1609,7804,4808
1613,7911,2323
1616,8278,9881
1619,7694,1790
1623,8673,348
1629,8737,6613
1630,8264,5516
1631,8046,4612
1631,9204,7786
1635,7772,5516
1646,8112,2541
1648,7049,5735
1648,9640,7335
1649,9567,6770
1653,7657,3644
1653,9235,1205
1655,9164,3904
1659,7740,6055
1661,9835,8955
1663,8059,6862
1676,7581,6163
1679,8418,1353
1681,7188,5658
1681,8250,6980
1689,8142,6253
1694,7866,2125
1697,9752,7907
1698,7384,7933
1701,8060,6018
1701,9540,1292
1709,9728,1343
1710,9985,3158
1712,7003,3007
1720,9014,2036
1721,8123,6742
1721,8444,3294
1725,9215,3548
1730,8188,423
1734,8646,3674
1734,9213,4756
1735,7989,2882
1736,7705,84
1736,9499,390
1738,7356,2750
1739,8794,562
1756,7922,6462
1758,8769,8914
1765,8259,6291
1765,9525,7693
1775,8412,8870
1775,8443,1584
1776,7620,6451
1783,9056,74
1784,9425,3805
1791,9483,7630
1795,8872,5728
1797,9427,9996
1798,9598,8781
1804,8596,4360
1805,7058,6973
1815,9131,9004
1818,7973,6467
1819,7796,1113
1819,8997,4961
1820,8769,2075
1821,9044,2784
1822,8548,3638
1830,7817,8102
1832,7736,8400
1833,9851,3627
1837,7552,8904
1838,7582,1747
1841,7911,1313
1852,7404,2136
1852,8469,5852
1853,7127,3044
1856,9944,6772
1857,9875,4153
1863,7550,8559
1865,9690,9199
1868,7533,9854
1875,8881,7828
1880,8373,946
1883,9889,8060
1893,8034,6793
1894,7328,8678
1894,7337,4865
1895,9274,8540
1902,9058,8897
1902,9805,1707
1903,9281,408
1904,9497,4714
1908,8969,6765
1911,7493,8890
1915,9872,2824
1920,9422,5974
1928,8944,6754
1934,9748,1751
1938,9280,1583
1942,9385,1521
1944,7165,2770
1945,7304,3856
1950,7642,8859
1951,8038,1036
1962,8284,5373
1965,8365,3221
1966,9101,9838
1966,9282,2840
1967,9809,831
1977,9038,465
1979,9676,6422
1981,7536,1983
1982,8615,6016
1983,7555,1550
1983,8722,3131
1984,8123,3199
1988,9396,839
1992,7691,445
1999,9979,8128
2008,8691,6032
2009,9637,433
2013,8653,2922
2015,7454,1902
2020,7327,8422
2021,9034,176
2022,8232,9450
2022,9413,5262
2025,8472,4976
2025,8501,5035
2035,8873,3014
2041,8055,6685
2043,7936,4528
2047,9325,4077
2047,9359,9597
2047,9466,7554
2048,9995,2847
2049,7740,3963
2050,9957,8859
2051,9829,638
2052,9747,4691
2053,7615,3797
2057,7052,5295
2059,7914,5541
2061,7739,7048
2065,8101,8472
2067,9899,1647
2068,7333,8578
2069,7508,7395
2078,9840,3741
2080,9730,9417
2080,9746,8361
2091,8866,7397
2094,8645,5586
2097,7971,4103
2097,8003,7057
2097,8068,6560
2097,9992,8740
2098,8046,5755
2098,9629,7677
2106,8838,9569
2113,8283,6297
2115,7275,4386
2116,7569,5184
2120,7183,5519
2121,7351,4661
2123,7073,3560
2125,9669,518
2128,8312,5121
2133,8350,6023
2134,8565,9192
2135,9176,6138
2138,8110,2843
2138,8951,4981
2139,8845,4697
2140,7794,1272
2140,9705,6464
2142,8064,8759
2144,9973,4221
2147,9540,3549
2160,7201,5176
2163,7445,8939
2166,8424,6478
2179,8632,2314
2180,8897,8529
2182,7329,5559
2187,9104,6928
2190,7422,9456
2190,8730,4767
2196,8338,3376
2197,9259,1967
2198,8684,7758
2206,9757,7635
2210,7515,9102
2214,7449,3618
2219,7211,8939
2222,9317,4749
2224,8429,5147
2225,9040,6772
2232,8660,4982
2233,9651,2146
2244,7393,9661
2245,9213,4731
2249,7552,6024
2249,7692,4066
2249,9614,9367
2254,7152,1466
2262,7716,3340
2266,7381,8807
2266,8289,9397
2267,7230,8601
2276,8373,4735
2277,8337,1836
2278,7609,8853
2282,9075,724
2289,8502,5469
2290,7119,30
2292,8625,4971
2294,9758,6602
2298,8826,4742
2304,7664,9945
2308,9024,5633
2308,9549,2856
2312,9057,3520
2313,9519,2567
2315,8380,3280
2318,7978,3838
2327,8178,6605
2329,7003,9776
2331,8749,6996
2336,7438,4097
2336,9453,3764
2347,8008,3001
2348,8565,4242
2351,7126,4598
2351,7403,5270
2351,8247,2607
2352,7900,6945
2352,9306,513
2357,8259,4475
2362,8092,6547
2369,7484,3645
2369,7504,6277
2370,8134,3335
2372,8701,3593
2372,9820,8307
2373,8449,6526
2380,8626,2029
2381,7991,3819
2386,7069,2178
2389,8828,1134
2389,9211,3043
2390,8960,2724
2392,9183,3157
2397,8718,1447
2398,7478,9378
2401,8667,5947
2403,8696,9369
2404,7400,1590
2405,9520,192
2407,7540,6915
2409,8979,2332
2409,9412,1521
2416,7537,6461
2424,7446,816
2424,8239,7222
2433,8472,891
2437,9110,687
2440,7887,5873
2444,8643,6881
2449,7423,1800
2452,7638,2322
2455,8398,2859
2460,9145,811
2461,8782,8030
2465,9820,465
2469,7833,3160
2470,9802,9884
2471,9843,7363
2473,9347,5881
2474,7857,3565
2474,9227,1077
2478,9012,5557
2482,9447,9507
2486,9776,6987
2487,7810,3290
2499,8279,5697
2500,8437,9969
2501,7453,2723
2507,8710,7668
2509,9524,4506
2511,8156,9750
2512,7533,5232
2514,8833,4567
2518,7786,6596
2521,9189,1330
2522,7300,881
2524,7261,2827
2524,9811,1463
2524,10000,8960
2525,7907,8256
2528,8285,4402
2531,8961,190
2533,7094,5484
2533,8614,7573
2536,9855,2084
2539,9209,7866
2548,7218,8722
2549,9985,2041
2551,7699,563
2557,8525,1089
2558,8194,6685
2566,8793,1826
2567,7347,9761
2574,8940,1541
2575,8737,1127
2577,7743,8622
2579,7833,2639
2579,9760,5622
2580,7567,807
2583,9037,2635
2585,9620,9533
2586,8064,8286
2591,7039,407
2595,9404,259
2600,7707,7562
2604,7663,8850
2611,9350,1637
2612,7391,9958
2614,7771,9820
2615,9363,3218
2618,7655,6502
2621,9306,6856
2623,9968,5986
2624,7604,5664
2626,7175,2441
2631,7589,2107
2636,7036,7463
2652,7211,9222
2652,9195,7442
2656,7647,1408
2659,9719,5305
2669,8245,8478
2672,8133,6780
2673,7462,5874
2679,9600,6476
2681,7892,9898
2692,8311,5520
2692,8385,9912
2702,7359,9188
2703,8956,9615
2704,7837,2961
2706,9365,8077
2707,7463,4141
2710,9827,1444
2712,9564,5364
2713,9602,6989
2716,9684,928
2719,8668,7128
2721,7106,4891
2725,7367,4528
2735,7616,8724
2749,8635,5153
2749,8692,6975
2753,9741,4081
2754,7791,3892
2754,9762,5793
2762,8432,3399
2763,8163,6411
2766,7113,796
2766,8235,8733
2771,8706,7428
2772,9234,5613
2778,9906,5102
2779,7548,3191
2780,7939,8485
2787,8726,5828
2790,8190,2086
2792,9862,5964
2795,8404,612
2801,8191,2173
2806,8440,8967
2809,7496,6122
2811,7725,7037
2815,8645,6204
2816,9652,3015
2826,9562,1690
2826,9817,8594
2827,9326,322
2832,7573,7921
2857,7792,4580
2864,9748,6400
2866,8371,8417
2867,8529,1369
2893,9978,20
2896,9304,603
2897,7452,9927
2897,8413,5597
2898,9045,9001
2899,7116,2998
2899,9150,6267
2905,7570,4900
2907,8219,3764
2908,9273,9823
2911,7609,2880
2913,9168,4449
2913,9479,7255
2917,7882,473
2919,7354,4348
2920,8533,8297
2922,9929,1874
2926,9321,2982
2928,8773,3050
2932,7995,3748
2933,9521,4255
2935,7244,738
2939,7643,6496
2939,7691,840
2940,7744,5910
2941,7333,3515
2950,8494,2811
2951,9710,5088
2953,7690,7017
2955,7044,7724
2957,9015,1852
2960,9172,4586
2968,8256,7215
2971,7794,7119
2972,7649,9467
2975,8172,9288
2977,8117,3263
2985,8806,8816
2987,8987,1002
2988,7946,6922
2995,8169,737
3002,9380,304
3009,7271,3611
3021,7385,2644
3022,7113,7657
3022,9376,1518
3024,9129,2759
3025,9488,8341
3028,9454,128
3029,9763,4504
3031,9687,5225
3032,8927,727
3034,8176,2617
3039,7198,4011
3039,7847,609
3041,7090,9868
3041,9811,8963
3048,9107,2231
3052,9865,7382
3063,7223,2959
3067,9600,6471
3070,7799,511
3074,8729,8476
3082,9087,3438
3084,9332,8636
3087,7858,9557
3087,8160,155
3090,9996,8979
3093,9333,5647
3095,7643,9486
3095,9972,3926
3097,8555,8717
3097,9652,5068
3116,8904,2933
3118,9475,6816
3121,8000,6521
3121,9133,5399
3125,7466,7499
3128,8854,6997
3131,8870,3443
3131,9073,9642
3134,9814,8694
3142,7209,6111
3147,8586,4649
3152,9229,1881
3159,7400,1573
3166,8073,1014
3168,9263,5575
3169,8797,2544
3175,8872,577
3175,9174,6433
3183,8587,122
3187,9017,9751
3195,8355,3027
3195,9485,7085
3199,8535,6150
3199,9451,4250
3200,9969,3250
3202,8418,9318
3202,9232,9137
3209,7028,3379
3213,9123,2100
3223,7001,194
3224,9686,2808
3230,8392,5799
3234,8260,9547
3240,9592,544
3241,7483,491
3241,7592,2989
3246,7209,5712
3257,9159,464
3258,8675,2483
3263,9061,4325
3266,7560,4115
3266,8418,4003
3269,9028,9700
3272,9255,8286
3279,8581,7462
3284,9215,2009
3300,9382,6363
3301,8104,6913
3301,8169,235
3303,7393,6371
3306,7103,2903
3306,9646,1772
3312,8220,2395
3312,8593,8820
3319,7158,8121
3320,7390,6433
3320,9058,7606
3321,8700,5183
3322,8257,3644
3327,9004,1777
3328,7657,8692
3330,9963,1610
3334,7290,9044
3334,9432,2015
3335,8944,4621
3337,8784,274
3346,8357,236
3349,8647,7511
3351,9878,882
3353,8094,5685
3354,7330,810
3355,9696,2422
3357,7023,4877
3368,8665,5757
3372,9356,2167
3379,7957,1390
3379,9587,4943
3384,9556,2473
3387,9526,6200
3390,9422,1355
3390,9820,2669
3391,9433,7173
3393,8145,9997
3396,9207,5936
3398,9705,2577
3400,9956,4164
3407,9298,5336
3409,7037,16
3410,8518,6061
3411,8531,7484
3412,9761,771
3416,9818,3332
3418,7967,3880
3418,8253,1879
3425,8717,7391
3435,7391,1492
3436,7445,1904
3440,7636,2295
3440,9207,3742
3445,7026,2563
3450,9384,3544
3456,8688,6085
3457,8869,3018
3459,7150,269
3461,8472,4874
3463,8592,663
3463,9950,9009
3470,7010,8657
3470,9402,8022
3472,7225,5264
3473,7845,2385
3474,9748,9238
3476,8130,5850
3482,8018,4518
3488,7173,1438
3492,7026,9244
3494,7803,5197
3498,7854,1259
3498,8747,5767
3501,8411,7081
3501,9317,6193
3503,8294,3728
3510,8133,9927
3516,9350,8062
3520,9150,3209
3524,8337,2857
3532,9444,8614
3533,8003,4588
3537,7922,7373
3549,7767,5464
3554,8345,8078
3555,7840,3266
3557,9765,6505
3569,8437,4269
3569,8794,5843
3574,8306,8
3575,9986,5481
3578,8686,3403
3579,9622,6800
3581,7737,840
3585,8418,9674
3591,7876,6459
3595,8599,6634
3597,9687,4633
3606,7876,6394
3615,7149,2542
3615,8107,3831
3616,7160,3372
3619,7606,6024
3627,9895,8889
3628,9164,8837
3632,8188,4292
3647,8645,9087
3649,7619,8136
3663,7658,3817
3664,7431,9865
3664,9404,3510
3665,9908,8968
3667,8698,7410
3672,7138,3295
3672,8157,7926
3674,9598,4217
3676,8674,6072
3679,7167,7044
3695,8378,3509
3695,9728,4154
3699,7119,6829
3704,8894,8604
3709,7230,6414
3709,7787,7748
3715,9293,3692
3716,8032,6376
3716,8944,2856
3718,9494,7314
3719,7416,2602
3719,9690,8426
3725,8374,6790
3726,7289,2579
3727,9744,2586
3728,8294,5464
3729,7519,2321
3731,7795,812
3735,9250,5327
3736,9409,7353
3740,7783,4427
3745,7856,2601
3755,8054,3999
3759,7280,7535
3767,8087,1711
3790,9552,6805
3791,9801,9664
3792,7407,639
3797,9075,4682
3797,9998,4695
3804,7042,4468
3808,8258,3526
3808,9290,2330
3808,9476,4993
3809,8087,9252
3820,8728,9622
3821,8224,1474
3823,8730,7519
3834,9437,408
3837,7297,3347
3838,9341,1154
3842,8070,6833
3846,9809,289
3852,7064,5263
3854,8559,3073
3859,7273,9832
3860,9827,793
3863,9473,4118
3864,7034,6692
3868,7856,7248
3869,7283,7442
3874,7640,8073
3876,7927,2866
3876,9656,8504
3882,8810,9267
3885,8859,8141
3887,8715,5660
3888,7900,6990
3890,7113,3343
3891,8359,5567
3893,7379,7495
3900,8574,5543
3900,9747,181
3902,8264,3398
3903,8869,6090
3913,8293,8302
3916,9575,8669
3917,8898,7038
3924,7767,1542
3926,7101,9368
3929,9335,7565
3930,9532,8806
3931,9332,3274
3937,9008,2296
3938,7154,4370
3941,7520,5915
3954,7242,2228
3956,9798,5331
3962,8463,3238
3963,9682,1850
3965,8805,141
3968,9823,1985
3977,8458,2600
3977,8834,2685
3979,8190,5654
3980,9883,3497
3988,7224,3107
3993,9265,541
3998,9454,2141
4005,9866,4393
4008,8517,1738
4008,8655,7496
4009,7938,7672
4024,7592,1164
4026,7365,8023
4026,9503,6451
4028,9865,2965
4038,7326,1204
4043,9898,8451
4047,7242,817
4047,9668,3296
4049,7097,7219
4050,7046,2322
4058,9194,5226
4060,7421,6668
4060,7705,1905
4077,7120,8798
4077,8271,7856
4080,7467,5033
4082,8623,1185
4083,7489,2558
4086,9656,2370
4090,7631,5242
4092,8305,7725
4093,7585,858
4094,8760,6335
4101,9787,8249
4108,8374,2118
4109,9390,1801
4112,8796,6504
4122,7921,2052
4125,8944,2246
4126,7662,5370
4127,9329,8564
4128,7100,8063
4129,7232,60
4129,9220,9578
4139,7802,6958
4144,8987,8136
4147,7967,6826
4148,7933,3990
4148,7999,8209
4152,8396,1118
4153,9710,8945
4155,10000,5551
4159,7798,6701
4162,8364,3724
4164,7885,2185
4165,7812,3643
4171,7921,2674
4171,8590,4315
4175,8439,2407
4176,8100,4690
4189,9726,3341
4191,9533,298
4194,7110,8289
4194,7892,1872
4195,7399,7600
4216,7291,4518
4216,9250,5378
4222,7019,6262
4222,7411,6316
4225,9175,2781
4225,9496,1743
4227,9264,5866
4229,9173,7132
4237,9865,3437
4241,9158,5293
4262,9062,5840
4265,9622,9471
4266,8984,6333
4275,8319,4894
4280,9196,1781
4283,8174,9372
4284,8173,7377
4288,9225,6975
4297,7039,8313
4297,9446,8213
4300,9372,5742
4301,9305,4033
4302,9949,2743
4304,7463,2071
4312,9591,2057
4320,8001,1885
4322,9982,2733
4331,9077,6250
4331,9225,1849
4335,7091,1393
4335,9150,1385
4337,9817,7753
4338,7223,2535
4338,7343,952
4342,9216,6601
4347,9957,3731
4349,8275,842
4353,9386,7073
4358,8646,7463
4369,7851,1528
4376,7967,951
4379,9705,9807
4380,8716,6316
4381,7759,3889
4386,8551,2779
4387,8190,7544
4388,8664,1637
4393,8976,9218
4393,9859,2032
4396,7654,8704
4398,8912,8762
4401,9321,5539
4410,9444,2360
4413,9775,4130
4416,7981,7864
4425,8323,533
4426,8738,7118
4427,7718,2071
4429,7966,1746
4432,7713,3736
4440,7002,2002
4441,7072,8138
4443,8244,5621
4451,9364,2464
4452,7457,8409
4453,7897,6903
4456,8617,9114
4457,8426,1385
4460,8907,665
4465,7347,7563
4465,9399,4315
4467,8030,5373
4470,9794,5449
4473,9243,9063
4474,8679,696
4474,9947,510
4476,8067,689
4477,8873,2230
4478,7625,2717
4483,7543,7676
4483,9895,8406
4487,7025,7981
4489,9960,1570
4492,9551,4749
4493,8595,5743
4496,9411,5508
4499,8503,861
4501,7863,2308
4502,9689,7682
4505,7369,8223
4506,8265,3483
4507,7820,6277
4511,7933,4308
4517,7629,4645
4521,7270,3517
4523,7028,550
4523,8083,8905
4525,7877,7635
4526,9269,9895
4533,7227,3731
4534,7462,892
4534,9174,1561
4538,9619,2008
4539,7607,5482
4540,9419,3379
4550,9901,544
4552,8829,7951
4555,9329,837
4560,7827,1434
4565,9900,1756
4572,8777,1628
4572,9920,4204
4573,7355,975
4578,8281,7714
4579,7976,212
4579,8677,6191
4580,9069,6844
4583,9879,5800
4587,7551,8713
4601,9949,9618
4608,9581,3405
4609,7854,5069
4609,9627,3686
4610,7042,1711
4610,7865,8140
4610,8435,4777
4614,7999,9316
4616,8460,6911
4617,9617,4467
4619,9505,1780
4625,8656,7505
4626,8809,7620
4634,8468,9315
4635,9307,3866
4636,7992,6649
4636,9566,2346
4637,7412,1973
4640,9427,7675
4644,7757,5836
4645,8221,2980
4647,9522,8578
4651,9941,9010
4658,7050,7974
4664,7602,3839
4665,9323,2001
4671,9490,7593
4671,9653,7998
4673,8421,7582
4688,9891,2041
4691,7724,6842
4695,9411,9781
4699,7685,540
4701,8622,2428
4709,7145,178
4711,8400,6753
4713,8627,682
4729,9242,8311
4733,7873,7093
4738,9866,1092
4740,7694,672
4744,7410,6179
4744,8119,1068
4747,7544,7871
4750,9635,3099
4751,9312,1800
4754,8262,6680
4762,7506,399
4763,7807,9791
4765,7252,4235
4765,8174,8936
4770,8648,9964
4771,9295,4562
4776,9629,8359
4777,8438,2679
4783,8365,5717
4792,8309,3759
4793,8670,9403
4794,9834,922
4796,7725,2136
4807,7557,4748
4807,9737,1591
4809,8389,314
4811,8065,6761
4813,8682,8780
4814,9362,2482
4819,9819,7823
4823,7200,7374
4824,8754,7795
4829,7510,564
4829,7777,9965
4830,7932,6090
4831,8514,6598
4832,9362,7337
4836,9414,2252
4838,7365,1697
4839,9052,9461
4845,8183,3461
4853,9526,2919
4860,9126,7846
4863,7704,9270
4863,9180,8535
4867,8349,6214
4867,9389,5428
4868,8338,2092
4871,7372,844
4880,7793,6179
4886,7630,8695
4891,8995,8162
4891,9613,2399
4894,7955,9600
4894,8025,8318
4894,9574,9122
4895,7703,6392
4895,7976,8183
4896,8032,1632
4897,8855,9190
4901,9480,9841
4901,9733,2068
4904,7287,5449
4909,7251,4807
4911,7535,7727
4912,7945,2707
4915,9212,6566
4919,8048,8100
4921,7828,3203
4923,9403,3570
4924,9314,3676
4924,9447,6332
4928,8065,1233
4929,8418,4431
4933,7347,8665
4935,9925,8627
4941,7468,6999
4944,8250,8363
4945,9668,8080
4947,9147,1930
4948,9964,4997
4949,8771,6843
4950,8198,96
4968,8562,2181
4976,7879,2969
4977,8131,683
4978,7140,2269
4995,7700,5402
4996,8706,8581
4999,8486,4129
4999,8644,4897
5002,7311,3898
5005,8452,605
5012,9784,3730
5015,9948,5051
5018,8043,8889
5021,8387,3639
5027,8060,3688
5034,9165,1089
5038,9213,4568
5039,7362,3794
5042,8944,6168
5048,9111,7727
5051,7116,4818
5051,8500,4803
5054,8089,2024
5055,8898,1326
5055,9667,9638
5062,9204,1182
5063,7187,1543
5063,8200,2952
5066,8457,241
5072,7835,3315
5074,7266,3175
5076,8148,1646
5076,9160,117
5076,9976,9321
5085,9432,1210
5086,8967,3951
5088,7010,2567
5088,8332,5537
5100,7048,9747
5100,8891,8321
5109,7707,4809
5114,9432,9290
5116,7262,7411
5118,9942,5392
5121,7620,2335
5122,8776,4961
5125,8145,397
5138,9720,6414
5148,9577,4365
5152,9301,7680
5164,7747,9213
5178,9163,2011
5188,7760,5119
5190,7722,9773
5191,7510,5943
5201,8133,1167
5203,7288,8689
5205,7517,7702
5212,7996,6078
5217,9462,6708
5218,7035,6632
5220,7611,661
5223,9611,5121
5229,9004,5054
5232,8222,7275
5232,8286,5250
5243,9140,6123
5245,8932,5596
5250,7027,5004
5255,8619,706
5266,9150,5714
5270,9794,2046
5271,7732,850
5277,8097,2664
5278,7861,5756
5284,8010,2658
5289,7990,518
5289,9351,1063
5294,7278,3255
5298,8786,4415
5301,7124,3032
5304,8022,7734
5308,9598,5420
5312,8192,2135
5316,9124,7216
5319,7361,7102
5319,8363,6118
5321,8547,3131
5325,7163,390
5326,9971,1499
5336,8296,7193
5337,7144,7183
5339,7882,3018
5340,9652,2871
5348,8421,3630
5349,7535,746
5349,8770,3826
5349,9695,1715
5349,9781,1173
5354,8976,4900
5357,7704,1794
5358,7757,5351
5364,8478,8982
5368,7821,8932
5370,8316,3289
5370,9169,140
5375,8775,7673
5377,7839,6640
5379,9207,8089
5381,9440,4494
5382,7495,1047
5387,7102,1539
5387,8699,1344
5387,9380,3759
5397,7126,9407
5399,8168,3249
5400,7300,865
5400,8951,1903
5401,7273,6856
5402,7952,4747
5407,9035,6493
5412,9169,5716
5415,8602,1854
5415,9702,4950
5419,9703,9807
5422,7439,4869
5424,9355,625
5427,7911,4388
5428,7402,1200
5428,9876,1621
5431,9440,6952
5437,9909,5521
5442,7729,9046
5446,8200,1982
5448,7014,8189
5449,9158,5436
5453,7517,4710
5454,8228,7446
5455,9364,6273
5457,7953,328
5463,8324,3501
5463,9657,5130
5467,9078,3123
5468,9466,2526
5470,9640,6233
5471,7346,2147
5472,7810,5098
5472,9440,1394
5473,8110,6138
5473,9534,5594
5479,7478,4320
5484,9938,1216
5487,9403,364
5490,7115,3495
5495,9616,9283
5500,9192,9707
5504,9923,4608
5508,8929,2052
5516,7866,1706
5518,9156,612
5526,8208,333
5530,9981,4205
5535,7338,4795
5540,8753,8485
5547,7837,3818
5557,9630,8164
5565,9924,2861
5570,8714,8419
5575,7942,4768
5577,9863,6407
5578,8051,9295
5578,9638,2396
5580,7852,4600
5582,8406,8492
5593,8049,2913
5606,8974,9396
5608,7916,1812
5610,9400,585
5610,9608,2655
5611,9985,9894
5612,8253,7025
5613,9127,1015
5616,7879,4780
5618,9084,3988
5621,7279,491
5622,7287,5475
5624,8615,7920
5626,8304,359
5627,7660,1018
5628,9502,3096
5630,7716,5614
5631,7814,3521
5636,7611,2441
5636,9778,7988
5637,7618,9226
5643,8866,3592
5648,9344,5589
5650,9678,6521
5651,7489,1768
5651,9003,4221
5656,7020,4799
5658,9257,6419
5661,9224,9633
5662,8631,8088
5670,9964,3518
5674,9934,3669
5675,9295,2139
5675,9914,9280
5677,9795,1553
5681,7890,4938
5687,8150,5932
5688,8083,3949
5690,9814,2998
5693,7607,1744
5694,9125,4663
5695,7680,6585
5697,9449,60
5700,9884,9356
5703,8465,4983
5705,8244,2796
5714,7520,8234
5717,8555,6608
5717,9331,6759
5719,7799,5789
5720,7563,72
5723,7671,8447
5730,7090,1166
5735,8883,9844
5736,9302,8408
5744,8178,5306
5744,9679,4451
5749,8277,4871
5753,9731,8260
5756,9167,805
5756,9370,3341
5762,9899,833
5763,8125,9321
5769,9818,9827
5771,7414,5647
5773,8369,5968
5779,8202,8630
5786,7200,3446
5793,7977,4729
5795,7965,7065
5802,7433,5541
5810,9766,7675
5811,7960,2357
5813,8367,868
5815,9443,8886
5822,8345,7781
5822,9593,6022
5829,7613,2690
5829,8009,8569
5831,7389,4716
5836,7616,5973
5837,8500,9920
5840,7520,308
5845,7058,5367
5846,8136,5235
5848,9770,154
5856,8399,2662
5857,7823,6772
5858,8476,551
5862,7332,8999
5866,7385,8380
5867,9230,7849
5869,9766,4318
5871,8448,9997
5873,9571,7671
5874,8696,6071
5878,8981,187
5881,7185,5298
5891,8924,2316
5891,9766,9234
5896,9302,6193
5901,7629,4565
5903,9371,4379
5904,8716,6185
5905,9061,5218
5907,7377,5510
5908,7700,6477
5911,7625,3694
5920,8911,434
5922,8569,961
5924,8968,2872
5926,8366,3804
5930,9035,3085
5931,7812,4058
5931,8964,6424
5931,8999,2006
5932,9217,7112
5933,8760,761
5938,7874,7016
5940,7967,2878
5947,9996,2426
5948,7477,1194
5951,7505,2349
5951,9079,4442
5956,9132,5391
5958,8164,3559
5960,8384,3839
5963,8262,9440
5966,8034,1867
5966,9009,1288
5970,8907,1567
5972,8203,4229
5977,8852,1797
5977,9892,8968
5985,9913,3954
5988,8081,5386
5991,9241,9830
5995,8747,7409
6000,7277,6033
6001,7933,5195
6006,9810,7464
6009,7374,8207
6013,9258,115
6019,9181,6759
6019,9529,4370
6030,8767,5224
6031,8684,2022
6035,8727,3833
6036,9858,7039
6040,8765,9752
6040,9595,1692
6048,8458,9043
6055,7319,8585
6055,8523,416
6060,9397,239
6063,9418,5694
6064,9970,7438
6070,7469,9985
6071,8084,3156
6071,8672,608
6076,9462,4823
6077,9249,1613
6087,9140,5659
6090,9672,8473
6090,9743,1133
6091,9303,2096
6092,7826,4370
6104,8278,4032
6110,8663,2494
6112,9705,2358
6117,8749,7997
6120,9549,3067
6125,8903,7819
6131,9165,6741
6131,9268,2202
6135,8625,4944
6137,7181,8644
6139,8307,6182
6144,8871,676
6145,9329,5733
6150,7795,6139
6155,7295,2056
6163,9904,6460
6167,9187,3680
6171,9892,6090
6173,7249,419
6173,7249,6399
6175,9138,5331
6177,7458,1397
6180,7545,144
6182,7003,6520
6182,8382,9056
6183,7340,9706
6187,9643,8825
6190,9355,3948
6192,7724,1733
6207,7677,4656
6210,8441,7593
6211,8276,9432
6212,7404,4126
6221,7312,6306
6221,7602,4864
6236,9510,6262
6239,8508,3739
6242,8553,7967
6252,8066,8987
6253,8262,1465
6266,7079,8999
6268,8124,3996
6268,8984,1005
6272,7402,6508
6273,9819,7677
6274,7782,5355
6277,9361,5764
6279,9408,9433
6284,7106,2229
6286,7118,5952
6287,8957,651
6305,7915,910
6312,7848,5485
6323,9065,7647
6326,7750,7011
6328,8737,7465
6330,7438,1960
6332,7676,8290
6335,8558,9650
6344,7538,6763
6347,7022,1059
6352,7009,4317
6352,8662,1649
6353,7289,3754
6356,8796,4425
6357,7282,5279
6361,8785,7870
6364,7441,5324
6368,9284,4920
6375,8782,597
6387,7632,5163
6387,9171,7123
6391,7824,5231
6392,8348,600
6394,9889,3451
6396,9641,3038
6396,9746,280
6397,9398,5635
6402,7363,8985
6406,8951,1869
6411,8298,8767
6412,8445,8878
6415,9456,3117
6416,7078,6244
6416,8973,9717
6418,8159,7964
6435,9796,6073
6447,7028,6689
6448,7164,6529
6450,8025,5545
6458,7557,1247
6461,9335,5937
6464,7673,370
6465,7538,6492
6466,9272,9310
6468,9843,9242
6470,8318,5739
6483,8032,51
6484,7193,8519
6485,8527,7281
6489,9170,2521
6494,7067,354
6497,7914,5178
6497,8134,1409
6498,9244,4301
6499,7039,8771
6503,8090,9311
6506,9135,5563
6517,8467,8615
6519,8962,5097
6524,8090,5271
6528,8858,8535
6536,9197,6169
6536,9685,877
6538,9936,1306
6541,7529,1842
6542,9463,3459
6543,7948,5602
6548,8754,1054
6551,7120,9016
6552,7345,54
6552,7871,5147
6554,8425,8403
6560,8415,1515
6560,9485,4493
6561,7834,7030
6566,7147,6929
6573,8109,332
6574,8334,2013
6575,7951,2063
6577,7788,7785
6578,8187,7966
6581,7279,6681
6583,8729,9890
6584,8287,953
6584,8319,451
6588,8139,65
6593,9791,4548
6594,8273,4381
6594,9090,3718
6605,8458,8742
6606,7807,1815
6616,8848,2202
6618,7249,47
6620,9392,7206
6621,7011,9386
6623,9925,2957
6624,8193,8450
6625,9163,7237
6629,9747,1877
6632,9429,3988
6632,9563,420
6641,9780,789
6648,7720,7207
6657,7808,7348
6659,7829,5106
6663,8746,9421
6669,9952,534
6670,7372,9951
6677,7059,8664
6681,7537,2827
6681,8237,3778
6682,7899,73
6683,9793,4982
6685,8330,3412
6686,7477,8574
6686,9577,5470
6687,7341,2966
6689,8261,1087
6698,7360,1254
6706,7244,4190
6707,7026,8812
6712,8050,2811
6712,9861,1489
6716,9346,8813
6716,9481,1014
6717,8493,8445
6717,9048,2842
6722,7702,299
6727,8814,7009
6727,9908,2512
6729,9231,4849
6733,9280,893
6734,9710,1930
6737,7032,4580
6737,9037,9181
6743,8770,8216
6745,8292,7375
6747,7641,1887
6749,7196,1454
6755,7082,5240
6759,7680,5417
6760,9897,784
6761,8856,3284
6763,9434,5898
6763,9861,1786
6769,8361,4805
6771,7809,6235
6771,8738,4272
6773,8304,2457
6778,7215,3447
6778,7866,5098
6779,9366,6901
6791,8304,7890
6795,9294,5425
6800,7191,5699
6802,9868,6451
6803,8038,6014
6803,9489,5315
6804,7385,9568
6806,9010,4781
6812,7859,4280
6812,8697,743
6814,9519,4717
6815,8383,527
6820,7078,4429
6827,7678,8984
6830,7590,3561
6835,9022,6363
6844,7873,2723
6845,7305,2277
6847,7773,1518
6848,8280,2084
6852,8313,8679
6853,9813,5136
6855,7943,5367
6855,8221,567
6857,9293,9894
6864,9561,8754
6877,7681,4974
6881,9500,986
6881,9753,9899
6887,9564,189
6892,7759,9436
6893,7566,6574
6898,7828,252
6900,8081,5498
6903,7119,5580
6906,7433,8128
6911,8113,1953
6914,8446,9002
6918,9084,8758
6921,9221,4646
6924,8197,5329
6937,9428,5213
6945,9747,3236
6947,7511,763
6948,9175,2809
6952,9507,1223
6958,9146,5381
6959,9602,7004
6960,9546,5882
6964,8545,4804
6968,8324,9128
6971,9868,6353
6979,8212,8750
6993,7562,3818
6995,9890,3449
6997,9020,8593
6997,9810,783
7002,8852,5231
7014,9667,4962
7015,8421,362
7018,9157,8958
7020,8608,8057
7020,9723,4624
7021,7532,6103
7021,8875,2205
7022,7234,9980
7022,7899,2504
7032,7468,1105
7036,7078,3089
7039,8300,6847
7040,7127,5408
7041,7920,5866
7041,8736,8569
7045,9503,3150
7051,9714,6746
7052,7388,6649
7053,7288,3758
7054,7148,4047
7055,7995,749
7061,7421,4082
7067,8272,1796
7069,9529,1073
7072,9463,4143
7075,7071,2425
7075,9301,3756
7077,8331,2049
7081,9710,7634
7083,9609,2317
7089,9686,9466
7089,9827,8464
7099,7083,7830
7102,7600,7103
7107,8342,4387
7114,9330,3517
7117,8819,6305
7126,8327,1428
7127,8021,2654
7129,8020,1369
7129,9516,3464
7137,8238,4394
7138,8428,3017
7144,8510,6230
7148,8815,1320
7153,7154,6969
7156,8757,45
7160,8915,4957
7166,7407,527
7166,7727,3672
7166,8536,9826
7167,8814,1740
7167,9593,1160
7169,7532,7953
7169,7684,1935
7171,9827,9737
7173,7167,946
7176,7022,4574
7181,9474,8196
7182,9038,2820
7183,7145,3909
7189,8797,1650
7190,9123,222
7192,8496,3761
7193,7495,6465
7194,7302,267
7194,7820,6022
7196,9137,7495
7198,9063,3222
7201,7484,3165
7209,9263,3463
7214,8607,4956
7215,8070,1660
7216,7483,8298
7225,9641,257
7228,7690,8748
7232,8934,6327
7235,7315,2645
7239,8226,8988
7240,7507,9544
7243,8121,6405
7243,9664,2983
7257,8887,3418
7260,7306,3339
7265,9221,5984
7267,7900,6601
7267,8282,5886
7267,9951,2997
7269,9908,7894
7271,8360,2966
7271,9818,6031
7277,7772,1038
7284,8189,9753
7289,8472,9722
7290,7430,3362
7290,8884,6129
7292,7506,4764
7292,8167,3190
7293,7186,6991
7297,7601,6130
7302,7316,9585
7306,8094,1413
7314,7605,914
7315,7971,1605
7317,8118,6201
7319,8973,789
7321,9245,9364
7323,8623,1812
7324,8790,6658
7324,9047,4198
7325,7486,2435
7328,8369,9964
7334,8497,1039
7335,8830,9466
7340,9754,6869
7341,8943,5159
7342,7695,7118
7347,8413,1294
7348,8510,8551
7350,7525,8260
7350,8841,1469
7361,8910,9031
7366,8999,6415
7367,7931,5291
7368,7161,6881
7368,7415,128
7370,8946,7703
7376,9362,1096
7377,8186,5447
7382,7427,8669
7382,9469,9005
7383,7732,5401
7384,8626,2039
7387,9568,9006
7395,8648,2064
7400,9001,7656
7401,8941,4665
7403,8578,905
7406,9390,6310
7407,9764,8828
7409,8409,6387
7410,7525,7023
7414,8464,790
7417,8073,5022
7418,7807,5979
7424,7638,5394
7424,8239,3902
7431,8407,2089
7434,8570,7017
7436,7548,5001
7436,7963,494
7436,9190,7022
7439,8665,3432
7445,9254,2404
7446,7494,3555
7447,7440,4086
7447,8997,6842
7448,7759,2595
7455,7221,9336
7458,7090,6991
7459,7023,5622
7460,8793,8688
7462,7346,5355
7463,9364,1156
7464,8015,6214
7467,7260,8108
7471,8170,8598
7475,8116,9674
7476,8845,3987
7477,7189,6963
7482,8810,8039
7483,8376,3727
7487,9925,3321
7488,9933,3948
7489,9779,3437
7490,8056,7661
7491,9433,6757
7496,9333,7627
7499,8155,3985
7501,8510,1828
7507,8886,513
7510,7293,6899
7511,9296,4711
7512,7802,8777
7515,9997,206
7517,8220,528
7519,7363,3682
7524,8063,3878
7524,9108,3599
7527,8628,1307
7529,8200,8563
7531,8150,5238
7532,9386,3906
7537,9591,607
7540,8092,4527
7545,9389,4799
7548,9620,6269
7557,8361,8241
7558,7211,6440
7561,8501,3907
7563,7265,6215
7566,8597,8714
7569,7186,6082
7570,9936,8397
7581,8076,2325
7588,8408,9821
7592,7276,2405
7593,7148,6243
7597,9304,7542
7607,8702,4537
7613,9938,92
7615,9500,3273
7616,7434,1706
7616,9008,5988
7616,9405,5893
7618,8036,3684
7632,8978,4530
7639,8725,4569
7646,8195,5966
7647,7978,1468
7667,8363,2051
7672,9625,9840
7673,7794,5333
7674,8505,8820
7676,9933,1609
7681,8948,2679
7686,9763,9804
7692,7312,8842
7694,8143,2985
7702,7683,5383
7705,9179,8169
7708,8688,448
7713,7430,5219
7714,7213,6400
7714,9451,8104
7715,8865,3434
7720,7603,6066
7720,9977,7044
7723,7112,3527
7725,9698,6557
7727,8573,7526
7727,9914,2725
7732,8463,2898
7737,9784,7689
7739,7884,5468
7761,8852,5390
7762,7506,7757
7774,8396,6019
7778,8040,9122
7779,8565,2810
7779,9270,1861
7783,7309,3705
7792,7528,9099
7804,7205,5266
7810,9386,2867
7811,9636,3168
7813,8819,1387
7823,8133,8346
7830,8312,2434
7832,7178,5691
7834,8237,4004
7837,9343,1452
7842,7062,8184
7844,9619,1285
7846,9763,3204
7847,7432,818
7854,9625,8861
7856,7119,2976
7857,7814,5926
7859,9597,4041
7860,8553,495
7866,8619,7104
7871,7209,8573
7877,7207,5107
7878,7043,8434
7884,9329,7024
7886,9982,584
7887,7691,546
7887,9175,4554
7888,8775,7823
7901,8145,7514
7901,9430,4164
7903,7552,9832
7908,7642,1780
7910,8085,7122
7910,9591,9617
7913,8793,4695
7916,7100,300
7917,8993,3292
7918,9174,6759
7921,7445,4810
7928,8974,9474
7932,9971,3033
7934,7392,1037
7934,9253,6681
7937,8442,2025
7938,7416,7249
7938,8998,5190
7939,9783,2551
7951,9349,242
7963,7239,4651
7963,7646,4413
7963,9977,3371
7971,8346,2045
7972,9178,7083
7973,9776,4863
7974,9524,2478
7982,8421,7584
7983,8456,7415
7988,7163,3049
7989,9909,6482
7991,8345,6361
7991,9653,1761
7997,8122,5624
8003,8107,6283
8007,7092,8541
8011,8433,6473
8013,7468,1868
8014,8149,7317
8021,8009,7112
8021,9596,113
8028,9134,8413
8033,8839,1722
8038,8135,3520
8042,7515,4081
8049,9067,515
8050,8049,2125
8060,7554,853
8070,9032,9234
8075,7647,7240
8075,9007,8514
8075,9972,956
8081,8724,1044
8081,9320,5404
8096,7716,6381
8097,7706,1336
8102,9869,7311
8106,9025,7190
8108,7929,4517
8112,8632,9763
8124,8627,6135
8128,9677,9434
8129,8165,1408
8132,9061,8075
8136,7391,5585
8137,9631,5537
8139,9110,810
8141,7133,7346
8145,7275,5382
8147,9649,8230
8148,8720,8
8149,9779,4255
8151,7223,5336
8155,9025,3944
8157,7988,1519
8158,8061,694
8164,7997,1509
8165,8952,469
8167,9021,5030
8175,8411,5898
8181,8467,3348
8183,9800,1953
8185,8300,8273
8190,8952,8455
8192,7012,5841
8197,9393,5374
8198,9296,2923
8202,9287,3395
8203,7197,3640
8206,9565,8356
8208,9053,917
8208,9971,7721
8213,7286,5662
8218,8869,4980
8223,9501,6601
8224,8619,3174
8229,8930,5596
8233,7179,5678
8237,8840,9408
8238,7019,675
8244,8412,5164
8245,8609,6210
8249,8659,8793
8250,8488,5877
8256,9592,1263
8258,9920,1346
8264,9271,8609
8270,9831,9336
8272,7135,3749
8280,7916,4392
8281,7677,2912
8283,7812,4045
8285,9697,3398
8298,7952,804
8313,7021,8542
8318,8293,403
8318,8632,3097
8326,7402,3177
8326,8897,4969
8329,9925,2637
8332,8152,1241
8333,8025,988
8342,9647,5879
8356,9408,6943
8360,9491,2889
8364,7673,7365
8369,8083,4445
8383,8493,1629
8390,9989,1308
8395,7313,590
8403,9469,1875
8406,9638,5941
8407,7176,6208
8408,7861,3742
8410,7980,6414
8411,7744,6735
8416,7437,3126
8416,9293,3727
8419,8310,5386
8420,9675,5299
8420,9832,5774
8421,9944,4906
8422,7260,522
8430,7701,135
8431,8307,5652
8436,7305,1992
8438,8802,3471
8440,9804,9057
8447,7348,9616
8460,7755,9287
8468,7712,4556
8470,9147,1679
8473,7212,4849
8474,7249,6996
8474,7317,2106
8476,8353,7309
8485,9053,9340
8488,7373,149
8490,7503,4348
8490,8957,6468
8492,8315,222
8496,8907,5490
8498,8067,8725
8499,7671,4180
8503,8466,4321
8504,8641,9225
8506,8885,2240
8506,9872,8384
8510,7787,8963
8510,8239,6486
8517,9022,8065
8519,8910,7613
8519,9687,2017
8530,9148,3019
8532,9687,8683
8533,8513,9058
8536,8762,3437
8538,7797,8280
8538,9871,4436
8539,8699,4944
8539,9596,4203
8541,7510,3864
8542,8638,6302
8542,9681,8880
8547,9317,9896
8552,7721,1973
8564,8101,2497
8573,8920,6322
8577,9831,8596
8582,7070,9911
8582,8611,683
8583,9074,2460
8586,7040,495
8586,8708,5800
8587,7595,763
8590,7663,2051
8591,8870,9560
8595,7962,890
8598,7204,7831
8598,9800,6952
8604,9213,9715
8611,9219,530
8611,9485,35
8615,7768,1509
8620,7936,8613
8621,8315,9712
8621,9491,7592
8623,8894,5279
8624,8836,697
8634,7764,1563
8638,7076,7618
8639,8270,1246
8639,9830,7623
8642,9633,7154
8643,9062,398
8652,7782,9059
8652,9278,1371
8654,9163,6359
8666,8636,330
8671,9909,69
8681,9615,5614
8686,7106,8755
8696,9274,3589
8699,8727,4519
8705,9542,4818
8706,9674,5882
8707,8162,7993
8709,9938,5812
8715,9925,5162
8716,7928,3284
8716,9952,7711
8717,7817,6858
8721,9551,4533
8722,9612,5947
8723,7848,9474
8723,8533,9688
8723,9961,5192
8728,8154,832
8728,9963,9687
8740,8980,6048
8743,7046,9261
8749,7298,2834
8750,7517,5624
8752,9944,7154
8753,8553,8817
8763,8915,3031
8763,9273,6877
8768,7088,7326
8775,9668,4640
8779,9411,1308
8790,9814,6493
8792,7920,4413
8794,7981,8576
8796,7813,7564
8796,9449,8545
8797,7809,3405
8797,8214,5062
8798,9151,2128
8799,7708,5253
8800,7937,8447
8801,9189,3098
8804,8501,3967
8806,7640,6946
8807,7478,7021
8808,9412,4793
8813,8839,3592
8826,9066,966
8830,7263,1840
8839,8694,1696
8839,9949,5900
8841,9297,3037
8847,7244,2619
8848,9542,2775
8851,9903,3993
8857,8978,8359
8857,9930,3681
8865,9950,2162
8868,9951,6610
8879,7510,1398
8883,9538,8762
8897,7517,9367
8906,9881,1426
8910,8740,3950
8911,9467,9417
8912,8665,6291
8918,8406,2696
8918,8888,6277
8935,9908,1793
8936,8267,7005
8940,8196,1992
8942,7564,5327
8943,8620,9756
8945,7020,8695
8948,8725,9350
8955,7619,7363
8958,9566,3546
8959,7431,6632
8966,7524,733
8976,9265,683
8978,8543,5928
8979,9215,9731
8980,9045,8235
8981,9305,8592
8982,8265,7935
8983,8108,3413
8986,7656,1621
8990,9998,9174
8994,7121,7181
8996,7608,8746
8996,8971,1756
8998,7980,2680
8999,7289,7117
9000,8246,4661
9007,7123,3129
9008,7580,9403
9011,7408,8175
9011,9776,8499
9012,9259,3954
9014,9462,204
9018,8338,6048
9020,9561,2944
9024,7993,5551
9027,7294,2656
9027,9818,1238
9031,8910,8763
9032,9228,9834
9033,8637,5472
9038,8573,6060
9039,7054,6827
9039,8005,2030
9041,9386,7399
9042,8857,3924
9044,7029,4694
9046,9426,7387
9053,7663,6847
9058,7044,2805
9061,8231,6129
9063,7325,9434
9065,7115,9319
9077,9758,3480
9081,8829,9432
9081,9521,5271
9083,7929,6296
9087,7703,7025
9087,9215,8115
9091,8198,3526
9100,7508,105
9105,7772,3505
9106,8542,2602
9108,9160,8977
9113,7155,6431
9117,7045,9156
9123,9142,5389
9124,7510,5569
9135,7554,3069
9151,9476,78
9156,7455,706
9162,8006,399
9162,9569,9209
9164,9018,1427
9173,9583,111
9175,9722,8657
9177,9890,2117
9187,9522,8595
9191,8616,4243
9194,9722,131
9199,8288,9356
9209,9949,5391
9213,9275,6368
9213,9861,6710
9219,9545,951
9220,9158,1458
9225,8301,6888
9226,7279,1221
9226,7874,5988
9228,9625,2501
9228,9931,8295
9229,7851,6265
9239,7909,8566
9240,8329,9967
9241,7877,6445
9246,8235,8621
9249,8529,5275
9252,7232,1311
9257,9455,4520
9258,7679,7622
9263,8177,8494
9272,9599,7701
9275,7238,5451
9275,9054,8597
9280,9160,9194
9285,9512,8499
9290,9945,2119
9296,7907,9198
9301,9962,1566
9314,7612,5079
9314,8533,1877
9316,8039,3685
9316,8829,617
9320,8438,7717
9322,9159,9710
9324,8455,9199
9331,9091,6621
9334,9516,5886
9341,7669,2728
9348,7770,6858
9350,7195,5073
9353,7468,7663
9356,8897,4351
9360,7176,3062
9365,9026,2035
9368,9511,5083
9369,9925,6448
9375,7328,176
9376,9354,2451
9376,9465,3325
9382,8116,4901
9392,7649,9459
9404,7069,4885
9404,9550,5818
9409,9460,4086
9417,8085,2715
9425,9829,2689
9429,7965,9059
9429,8953,1259
9429,9901,7349
9430,8120,4572
9438,9945,5423
9443,8027,8221
9444,9808,6296
9446,9005,839
9454,7382,7069
9455,8263,3745
9460,8416,1400
9461,8630,5329
9469,8019,996
9476,8860,5082
9482,7673,7146
9482,8776,689
9482,9737,363
9484,7938,9173
9485,9230,5520
9490,9462,445
9491,8735,8030
9498,7394,5544
9499,7627,6090
9501,7609,7450
9521,8268,3248
9523,8239,7783
9526,9810,6871
9530,7349,8111
9531,8761,6784
9543,8239,8903
9547,8416,4797
9547,8864,3324
9550,9166,9448
9553,8767,1430
9560,9792,9208
9564,9886,8727
9565,7101,9761
9565,7455,5226
9565,8705,4113
9567,8233,5662
9573,9032,9160
9579,8049,457
9581,7056,1968
9581,9155,4068
9585,8301,2444
9587,8141,4085
9587,9290,5410
9594,9299,3026
9597,9857,9963
9599,8431,5466
9599,9293,6513
9600,8113,4504
9600,8728,2870
9603,7755,3861
9603,7879,1249
9603,9833,2677
9605,9501,3197
9606,9368,9073
9609,9321,3947
9615,8815,6056
9622,8767,6285
9623,9417,5517
9625,9744,2905
9629,9071,4500
9629,9378,4125
9630,7108,7572
9630,7522,2409
9633,8761,7701
9636,7193,355
9637,7113,811
9638,8453,8292
9640,7827,6007
9643,7183,4409
9651,9006,5647
9655,7563,7044
9657,7623,5792
9659,8508,4356
9668,9577,4761
9671,7144,551
9674,7129,9082
9681,9360,9501
9689,9940,8213
9690,9913,7558
9691,7111,9446
9691,7370,3914
9695,8179,3303
9701,8375,2781
9702,9230,8447
9705,9277,1661
9706,7824,8427
9708,9455,4807
9709,8183,7077
9714,7454,8958
9716,9607,7
9719,7600,4362
9734,7087,5194
9734,7181,6593
9734,9581,3729
9740,9290,4439
9741,7430,2023
9742,9285,5318
9752,9785,2567
9761,9756,9825
9763,8041,5995
9764,9075,2405
9771,7159,332
9772,7039,4487
9781,8235,7572
9788,8218,4520
9791,8296,8918
9800,8019,6854
9805,7095,7263
9808,7139,3103
9808,8421,1045
9808,8547,7764
9808,9776,4815
9813,7132,7916
9814,8816,4765
9816,7528,3978
9817,7279,2658
9820,9646,6599
9835,7773,602
9838,8654,5963
9839,7935,1893
9841,7454,5298
9845,7471,5716
9849,8518,6528
9867,7119,214
9872,8105,3169
9880,8952,7557
9883,9583,1364
9890,9385,7064
9891,7535,6585
9895,9641,7418
9896,9185,1099
9897,9558,876
9898,7660,9779
9903,9795,413
9905,8481,4525
9906,8781,1039
9906,9495,7717
9909,7222,474
9909,9616,6141
9919,7133,7288
9919,8134,2426
9925,8946,7650
9927,8465,5420
9929,8816,3917
9930,8415,6377
9930,9150,536
9931,9028,486
9938,7854,6235
9944,9368,7957
9946,9524,3123
9951,8499,8033
9957,9298,7512
9959,7096,3707
9964,7138,4280
9968,8034,1231
9974,8500,8190
9977,8531,5426
9979,9548,5506
9980,8138,261
9981,9390,4731
9994,8743,2045
9997,9654,1765
9998,7078,3156
9998,9268,9155
9998,9702,728
10000,8661,5994
